0.00000   0.00001
0.00473   0.00001
0.00946   0.00001
0.01419   0.00001
0.01892   0.00001
0.02365   0.00001
0.02838   0.00002
0.03311   0.00002
0.03784   0.00002
0.04257   0.00002
0.04730   0.00002
0.05203   0.00003
0.05676   0.00003
0.06149   0.00003
0.06622   0.00004
0.07095   0.00004
0.07568   0.00004
0.08041   0.00005
0.08514   0.00005
0.08987   0.00006
0.09460   0.00007
0.09933   0.00007
0.10406   0.00008
0.10879   0.00009
0.11352   0.00010
0.11825   0.00011
0.12298   0.00012
0.12771   0.00014
0.13244   0.00015
0.13717   0.00017
0.14190   0.00018
0.14663   0.00020
0.15136   0.00023
0.15609   0.00025
0.16082   0.00028
0.16555   0.00030
0.17028   0.00034
0.17501   0.00037
0.17974   0.00041
0.18447   0.00045
0.18920   0.00050
0.19393   0.00055
0.19866   0.00061
0.20339   0.00067
0.20812   0.00073
0.21285   0.00081
0.21758   0.00089
0.22231   0.00098
0.22704   0.00108
0.23177   0.00119
0.23650   0.00131
0.24123   0.00143
0.24596   0.00158
0.25069   0.00173
0.25542   0.00190
0.26015   0.00209
0.26488   0.00230
0.26961   0.00252
0.27434   0.00276
0.27907   0.00303
0.28380   0.00333
0.28853   0.00365
0.29326   0.00400
0.29799   0.00438
0.30272   0.00480
0.30745   0.00525
0.31218   0.00575
0.31691   0.00629
0.32164   0.00689
0.32637   0.00753
0.33110   0.00824
0.33583   0.00901
0.34056   0.00984
0.34529   0.01075
0.35002   0.01175
0.35475   0.01283
0.35948   0.01400
0.36421   0.01528
0.36894   0.01668
0.37367   0.01819
0.37840   0.01984
0.38313   0.02162
0.38786   0.02357
0.39259   0.02568
0.39732   0.02797
0.40205   0.03046
0.40678   0.03315
0.41151   0.03608
0.41624   0.03926
0.42097   0.04270
0.42570   0.04643
0.43043   0.05047
0.43516   0.05485
0.43989   0.05959
0.44462   0.06473
0.44935   0.07028
0.45408   0.07630
0.45881   0.08280
0.46354   0.08983
0.46827   0.09743
0.47300   0.10564
0.47773   0.11452
0.48246   0.12410
0.48719   0.13445
0.49192   0.14562
0.49665   0.15767
0.50138   0.17067
0.50611   0.18469
0.51084   0.19981
0.51557   0.21611
0.52030   0.23366
0.52503   0.25257
0.52976   0.27293
0.53449   0.29486
0.53922   0.31845
0.54395   0.34383
0.54868   0.37113
0.55341   0.40049
0.55814   0.43204
0.56287   0.46595
0.56760   0.50238
0.57233   0.54150
0.57706   0.58350
0.58179   0.62859
0.58652   0.67696
0.59125   0.72885
0.59598   0.78450
0.60071   0.84416
0.60544   0.90809
0.61017   0.97660
0.61490   1.04997
0.61963   1.12853
0.62436   1.21263
0.62909   1.30263
0.63382   1.39891
0.63855   1.50188
0.64328   1.61198
0.64801   1.72965
0.65274   1.85540
0.65747   1.98971
0.66220   2.13315
0.66693   2.28628
0.67166   2.44971
0.67639   2.62408
0.68112   2.81007
0.68585   3.00838
0.69058   3.21978
0.69531   3.44506
0.70004   3.68506
0.70477   3.94065
0.70950   4.21279
0.71423   4.50244
0.71896   4.81064
0.72369   5.13849
0.72842   5.48713
0.73315   5.85776
0.73788   6.25165
0.74261   6.67014
0.74734   7.11463
0.75207   7.58660
0.75680   8.08758
0.76153   8.61920
0.76626   9.18316
0.77099   9.78126
0.77572   10.41536
0.78045   11.08743
0.78518   11.79952
0.78991   12.55379
0.79464   13.35249
0.79937   14.19799
0.80410   15.09275
0.80883   16.03936
0.81356   17.04051
0.81829   18.09903
0.82302   19.21785
0.82775   20.40006
0.83248   21.64886
0.83721   22.96761
0.84194   24.35978
0.84667   25.82903
0.85140   27.37914
0.85613   29.01406
0.86086   30.73790
0.86559   32.55494
0.87032   34.46963
0.87505   36.48659
0.87978   38.61065
0.88451   40.84678
0.88924   43.20019
0.89397   45.67625
0.89870   48.28055
0.90343   51.01889
0.90816   53.89728
0.91289   56.92194
0.91762   60.09932
0.92235   63.43609
0.92708   66.93916
0.93181   70.61568
0.93654   74.47303
0.94127   78.51885
0.94600   82.76103
0.95073   87.20770
0.95546   91.86726
0.96019   96.74838
0.96492   101.86000
0.96965   107.21133
0.97438   112.81184
0.97911   118.67129
0.98384   124.79974
0.98857   131.20752
0.99330   137.90524
0.99803   144.90382
1.00276   152.21445
1.00749   159.84865
1.01222   167.81820
1.01695   176.13520
1.02168   184.81205
1.02641   193.86143
1.03114   203.29633
1.03587   213.13006
1.04060   223.37618
1.04533   234.04860
1.05006   245.16148
1.05479   256.72930
1.05952   268.76681
1.06425   281.28908
1.06898   294.31141
1.07371   307.84943
1.07844   321.91900
1.08317   336.53628
1.08790   351.71766
1.09263   367.47980
1.09736   383.83960
1.10209   400.81420
1.10682   418.42097
1.11155   436.67747
1.11628   455.60150
1.12101   475.21103
1.12574   495.52423
1.13047   516.55943
1.13520   538.33510
1.13993   560.86988
1.14466   584.18251
1.14939   608.29184
1.15412   633.21682
1.15885   658.97648
1.16358   685.58987
1.16831   713.07610
1.17304   741.45430
1.17777   770.74356
1.18250   800.96296
1.18723   832.13152
1.19196   864.26818
1.19669   897.39178
1.20142   931.52103
1.20615   966.67448
1.21088   1002.87049
1.21561   1040.12723
1.22034   1078.46260
1.22507   1117.89426
1.22980   1158.43955
1.23453   1200.11548
1.23926   1242.93870
1.24399   1286.92547
1.24872   1332.09161
1.25345   1378.45250
1.25818   1426.02299
1.26291   1474.81742
1.26764   1524.84958
1.27237   1576.13264
1.27710   1628.67914
1.28183   1682.50094
1.28656   1737.60922
1.29129   1794.01437
1.29602   1851.72605
1.30075   1910.75308
1.30548   1971.10342
1.31021   2032.78415
1.31494   2095.80143
1.31967   2160.16046
1.32440   2225.86543
1.32913   2292.91950
1.33386   2361.32477
1.33859   2431.08224
1.34332   2502.19177
1.34805   2574.65204
1.35278   2648.46054
1.35751   2723.61353
1.36224   2800.10600
1.36697   2877.93163
1.37170   2957.08280
1.37643   3037.55052
1.38116   3119.32443
1.38589   3202.39276
1.39062   3286.74232
1.39535   3372.35845
1.40008   3459.22504
1.40481   3547.32446
1.40954   3636.63758
1.41427   3727.14376
1.41900   3818.82079
1.42373   3911.64491
1.42846   4005.59081
1.43319   4100.63159
1.43792   4196.73875
1.44265   4293.88224
1.44738   4392.03038
1.45211   4491.14994
1.45684   4591.20607
1.46157   4692.16233
1.46630   4793.98072
1.47103   4896.62167
1.47576   5000.04404
1.48049   5104.20515
1.48522   5209.06078
1.48995   5314.56521
1.49468   5420.67124
1.49941   5527.33018
1.50414   5634.49192
1.50887   5742.10493
1.51360   5850.11631
1.51833   5958.47181
1.52306   6067.11588
1.52779   6175.99168
1.53252   6285.04117
1.53725   6394.20512
1.54198   6503.42316
1.54671   6612.63383
1.55144   6721.77464
1.55617   6830.78212
1.56090   6939.59189
1.56563   7048.13867
1.57036   7156.35641
1.57509   7264.17831
1.57982   7371.53687
1.58455   7478.36400
1.58928   7584.59107
1.59401   7690.14897
1.59874   7794.96819
1.60347   7898.97891
1.60820   8002.11103
1.61293   8104.29431
1.61766   8205.45838
1.62239   8305.53289
1.62712   8404.44752
1.63185   8502.13212
1.63658   8598.51674
1.64131   8693.53176
1.64604   8787.10793
1.65077   8879.17650
1.65550   8969.66925
1.66023   9058.51863
1.66496   9145.65777
1.66969   9231.02066
1.67442   9314.54214
1.67915   9396.15804
1.68388   9475.80524
1.68861   9553.42176
1.69334   9628.94684
1.69807   9702.32099
1.70280   9773.48612
1.70753   9842.38558
1.71226   9908.96423
1.71699   9973.16856
1.72172   10034.94669
1.72645   10094.24851
1.73118   10151.02571
1.73591   10205.23183
1.74064   10256.82237
1.74537   10305.75481
1.75010   10351.98871
1.75483   10395.48571
1.75956   10436.20963
1.76429   10474.12650
1.76902   10509.20461
1.77375   10541.41455
1.77848   10570.72926
1.78321   10597.12408
1.78794   10620.57674
1.79267   10641.06744
1.79740   10658.57885
1.80213   10673.09613
1.80686   10684.60699
1.81159   10693.10167
1.81632   10698.57294
1.82105   10701.01617
1.82578   10700.42928
1.83051   10696.81277
1.83524   10690.16971
1.83997   10680.50575
1.84470   10667.82908
1.84943   10652.15045
1.85416   10633.48316
1.85889   10611.84299
1.86362   10587.24825
1.86835   10559.71970
1.87308   10529.28053
1.87781   10495.95634
1.88254   10459.77512
1.88727   10420.76716
1.89200   10378.96505
1.89673   10334.40364
1.90146   10287.11994
1.90619   10237.15314
1.91092   10184.54449
1.91565   10129.33728
1.92038   10071.57679
1.92511   10011.31019
1.92984   9948.58650
1.93457   9883.45654
1.93930   9815.97281
1.94403   9746.18948
1.94876   9674.16228
1.95349   9599.94842
1.95822   9523.60656
1.96295   9445.19667
1.96768   9364.78001
1.97241   9282.41901
1.97714   9198.17721
1.98187   9112.11918
1.98660   9024.31041
1.99133   8934.81726
1.99606   8843.70688
2.00079   8751.04709
2.00552   8656.90632
2.01025   8561.35354
2.01498   8464.45815
2.01971   8366.28991
2.02444   8266.91887
2.02917   8166.41524
2.03390   8064.84938
2.03863   7962.29165
2.04336   7858.81240
2.04809   7754.48182
2.05282   7649.36991
2.05755   7543.54639
2.06228   7437.08063
2.06701   7330.04156
2.07174   7222.49762
2.07647   7114.51669
2.08120   7006.16601
2.08593   6897.51209
2.09066   6788.62072
2.09539   6679.55682
2.10012   6570.38446
2.10485   6461.16672
2.10958   6351.96572
2.11431   6242.84251
2.11904   6133.85702
2.12377   6025.06805
2.12850   5916.53319
2.13323   5808.30879
2.13796   5700.44991
2.14269   5593.01029
2.14742   5486.04233
2.15215   5379.59701
2.15688   5273.72392
2.16161   5168.47118
2.16634   5063.88545
2.17107   4960.01186
2.17580   4856.89408
2.18053   4754.57419
2.18526   4653.09275
2.18999   4552.48874
2.19472   4452.79960
2.19945   4354.06114
2.20418   4256.30762
2.20891   4159.57171
2.21364   4063.88446
2.21837   3969.27536
2.22310   3875.77231
2.22783   3783.40162
2.23256   3692.18804
2.23729   3602.15476
2.24202   3513.32342
2.24675   3425.71410
2.25148   3339.34541
2.25621   3254.23441
2.26094   3170.39671
2.26567   3087.84644
2.27040   3006.59630
2.27513   2926.65756
2.27986   2848.04013
2.28459   2770.75253
2.28932   2694.80195
2.29405   2620.19428
2.29878   2546.93413
2.30351   2475.02487
2.30824   2404.46865
2.31297   2335.26646
2.31770   2267.41812
2.32243   2200.92235
2.32716   2135.77682
2.33189   2071.97814
2.33662   2009.52193
2.34135   1948.40285
2.34608   1888.61464
2.35081   1830.15014
2.35554   1773.00139
2.36027   1717.15958
2.36500   1662.61518
2.36973   1609.35791
2.37446   1557.37683
2.37919   1506.66037
2.38392   1457.19636
2.38865   1408.97207
2.39338   1361.97430
2.39811   1316.18935
2.40284   1271.60313
2.40757   1228.20119
2.41230   1185.96874
2.41703   1144.89073
2.42176   1104.95186
2.42649   1066.13669
2.43122   1028.42964
2.43595   991.81503
2.44068   956.27720
2.44541   921.80049
2.45014   888.36935
2.45487   855.96836
2.45960   824.58230
2.46433   794.19622
2.46906   764.79551
2.47379   736.36591
2.47852   708.89366
2.48325   682.36550
2.48798   656.76877
2.49271   632.09149
2.49744   608.32240
2.50217   585.45111
2.50690   563.46809
2.51163   542.36485
2.51636   522.13394
2.52109   502.76910
2.52582   484.26534
2.53055   466.61904
2.53528   449.82802
2.54001   433.89169
2.54474   418.81112
2.54947   404.58917
2.55420   391.23057
2.55893   378.74210
2.56366   367.13260
2.56839   356.41320
2.57312   346.59735
2.57785   337.70097
2.58258   329.74259
2.58731   322.74342
2.59204   316.72750
2.59677   311.72180
2.60150   307.75634
2.60623   304.86427
2.61096   303.08199
2.61569   302.44926
2.62042   303.00926
2.62515   304.80865
2.62988   307.89771
2.63461   312.33032
2.63934   318.16403
2.64407   325.46012
2.64880   334.28358
2.65353   344.70310
2.65826   356.79106
2.66299   370.62352
2.66772   386.28008
2.67245   403.84386
2.67718   423.40133
2.68191   445.04223
2.68664   468.85932
2.69137   494.94826
2.69610   523.40731
2.70083   554.33711
2.70556   587.84036
2.71029   624.02150
2.71502   662.98633
2.71975   704.84163
2.72448   749.69470
2.72921   797.65289
2.73394   848.82311
2.73867   903.31126
2.74340   961.22167
2.74813   1022.65649
2.75286   1087.71503
2.75759   1156.49313
2.76232   1229.08241
2.76705   1305.56959
2.77178   1386.03574
2.77651   1470.55549
2.78124   1559.19629
2.78597   1652.01759
2.79070   1749.07008
2.79543   1850.39488
2.80016   1956.02274
2.80489   2065.97326
2.80962   2180.25413
2.81435   2298.86040
2.81908   2421.77371
2.82381   2548.96163
2.82854   2680.37703
2.83327   2815.95741
2.83800   2955.62440
2.84273   3099.28325
2.84746   3246.82236
2.85219   3398.11294
2.85692   3553.00873
2.86165   3711.34574
2.86638   3872.94218
2.87111   4037.59838
2.87584   4205.09686
2.88057   4375.20247
2.88530   4547.66270
2.89003   4722.20796
2.89476   4898.55212
2.89949   5076.39303
2.90422   5255.41323
2.90895   5435.28073
2.91368   5615.64989
2.91841   5796.16245
2.92314   5976.44861
2.92787   6156.12821
2.93260   6334.81206
2.93733   6512.10329
2.94206   6687.59881
2.94679   6860.89089
2.95152   7031.56870
2.95625   7199.22000
2.96098   7363.43288
2.96571   7523.79747
2.97044   7679.90777
2.97517   7831.36340
2.97990   7977.77148
2.98463   8118.74836
2.98936   8253.92149
2.99409   8382.93118
2.99882   8505.43230
3.00355   8621.09598
3.00828   8729.61128
3.01301   8830.68669
3.01774   8924.05164
3.02247   9009.45788
3.02720   9086.68075
3.03193   9155.52037
3.03666   9215.80268
3.04139   9267.38040
3.04612   9310.13376
3.05085   9343.97125
3.05558   9368.83004
3.06031   9384.67643
3.06504   9391.50598
3.06977   9389.34368
3.07450   9378.24377
3.07923   9358.28958
3.08396   9329.59306
3.08869   9292.29435
3.09342   9246.56102
3.09815   9192.58730
3.10288   9130.59314
3.10761   9060.82310
3.11234   8983.54520
3.11707   8899.04964
3.12180   8807.64733
3.12653   8709.66850
3.13126   8605.46105
3.13599   8495.38896
3.14072   8379.83059
3.14545   8259.17692
3.15018   8133.82982
3.15491   8004.20018
3.15964   7870.70615
3.16437   7733.77133
3.16910   7593.82292
3.17383   7451.28999
3.17856   7306.60171
3.18329   7160.18563
3.18802   7012.46603
3.19275   6863.86236
3.19748   6714.78765
3.20221   6565.64709
3.20694   6416.83669
3.21167   6268.74193
3.21640   6121.73665
3.22113   5976.18188
3.22586   5832.42494
3.23059   5690.79849
3.23532   5551.61978
3.24005   5415.18998
3.24478   5281.79362
3.24951   5151.69813
3.25424   5025.15348
3.25897   4902.39196
3.26370   4783.62801
3.26843   4669.05816
3.27316   4558.86114
3.27789   4453.19793
3.28262   4352.21202
3.28735   4256.02972
3.29208   4164.76051
3.29681   4078.49749
3.30154   3997.31787
3.30627   3921.28354
3.31100   3850.44166
3.31573   3784.82534
3.32046   3724.45431
3.32519   3669.33561
3.32992   3619.46439
3.33465   3574.82465
3.33938   3535.38997
3.34411   3501.12436
3.34884   3471.98302
3.35357   3447.91311
3.35830   3428.85455
3.36303   3414.74075
3.36776   3405.49941
3.37249   3401.05319
3.37722   3401.32048
3.38195   3406.21605
3.38668   3415.65169
3.39141   3429.53686
3.39614   3447.77931
3.40087   3470.28558
3.40560   3496.96157
3.41033   3527.71301
3.41506   3562.44596
3.41979   3601.06715
3.42452   3643.48447
3.42925   3689.60721
3.43398   3739.34648
3.43871   3792.61540
3.44344   3849.32942
3.44817   3909.40648
3.45290   3972.76724
3.45763   4039.33520
3.46236   4109.03683
3.46709   4181.80171
3.47182   4257.56255
3.47655   4336.25527
3.48128   4417.81903
3.48601   4502.19623
3.49074   4589.33250
3.49547   4679.17667
3.50020   4771.68075
3.50493   4866.79984
3.50966   4964.49209
3.51439   5064.71857
3.51912   5167.44328
3.52385   5272.63292
3.52858   5380.25692
3.53331   5490.28720
3.53804   5602.69818
3.54277   5717.46655
3.54750   5834.57124
3.55223   5953.99323
3.55696   6075.71546
3.56169   6199.72270
3.56642   6326.00143
3.57115   6454.53972
3.57588   6585.32708
3.58061   6718.35439
3.58534   6853.61375
3.59007   6991.09837
3.59480   7130.80247
3.59953   7272.72118
3.60426   7416.85041
3.60899   7563.18678
3.61372   7711.72751
3.61845   7862.47031
3.62318   8015.41335
3.62791   8170.55509
3.63264   8327.89430
3.63737   8487.42989
3.64210   8649.16089
3.64683   8813.08638
3.65156   8979.20540
3.65629   9147.51691
3.66102   9318.01972
3.66575   9490.71244
3.67048   9665.59343
3.67521   9842.66073
3.67994   10021.91206
3.68467   10203.34471
3.68940   10386.95555
3.69413   10572.74099
3.69886   10760.69691
3.70359   10950.81865
3.70832   11143.10099
3.71305   11337.53807
3.71778   11534.12342
3.72251   11732.84990
3.72724   11933.70968
3.73197   12136.69423
3.73670   12341.79426
3.74143   12548.99976
3.74616   12758.29993
3.75089   12969.68318
3.75562   13183.13711
3.76035   13398.64849
3.76508   13616.20326
3.76981   13835.78651
3.77454   14057.38246
3.77927   14280.97445
3.78400   14506.54492
3.78873   14734.07543
3.79346   14963.54661
3.79819   15194.93819
3.80292   15428.22896
3.80765   15663.39679
3.81238   15900.41858
3.81711   16139.27032
3.82184   16379.92701
3.82657   16622.36272
3.83130   16866.55055
3.83603   17112.46262
3.84076   17360.07011
3.84549   17609.34320
3.85022   17860.25112
3.85495   18112.76211
3.85968   18366.84345
3.86441   18622.46142
3.86914   18879.58137
3.87387   19138.16763
3.87860   19398.18359
3.88333   19659.59166
3.88806   19922.35330
3.89279   20186.42899
3.89752   20451.77825
3.90225   20718.35968
3.90698   20986.13090
3.91171   21255.04860
3.91644   21525.06855
3.92117   21796.14557
3.92590   22068.23358
3.93063   22341.28558
3.93536   22615.25367
3.94009   22890.08908
3.94482   23165.74213
3.94955   23442.16228
3.95428   23719.29813
3.95901   23997.09746
3.96374   24275.50719
3.96847   24554.47342
3.97320   24833.94145
3.97793   25113.85581
3.98266   25394.16023
3.98739   25674.79768
3.99212   25955.71041
3.99685   26236.83993
4.00158   26518.12703
4.00631   26799.51183
4.01104   27080.93378
4.01577   27362.33166
4.02050   27643.64364
4.02523   27924.80725
4.02996   28205.75947
4.03469   28486.43669
4.03942   28766.77473
4.04415   29046.70894
4.04888   29326.17412
4.05361   29605.10462
4.05834   29883.43433
4.06307   30161.09672
4.06780   30438.02484
4.07253   30714.15138
4.07726   30989.40867
4.08199   31263.72872
4.08672   31537.04322
4.09145   31809.28363
4.09618   32080.38113
4.10091   32350.26670
4.10564   32618.87114
4.11037   32886.12508
4.11510   33151.95903
4.11983   33416.30338
4.12456   33679.08847
4.12929   33940.24460
4.13402   34199.70204
4.13875   34457.39111
4.14348   34713.24216
4.14821   34967.18562
4.15294   35219.15205
4.15767   35469.07213
4.16240   35716.87674
4.16713   35962.49694
4.17186   36205.86405
4.17659   36446.90966
4.18132   36685.56564
4.18605   36921.76422
4.19078   37155.43797
4.19551   37386.51988
4.20024   37614.94335
4.20497   37840.64226
4.20970   38063.55095
4.21443   38283.60433
4.21916   38500.73781
4.22389   38714.88745
4.22862   38925.98986
4.23335   39133.98236
4.23808   39338.80291
4.24281   39540.39020
4.24754   39738.68365
4.25227   39933.62346
4.25700   40125.15062
4.26173   40313.20697
4.26646   40497.73520
4.27119   40678.67888
4.27592   40855.98252
4.28065   41029.59154
4.28538   41199.45239
4.29011   41365.51246
4.29484   41527.72022
4.29957   41686.02517
4.30430   41840.37790
4.30903   41990.73010
4.31376   42137.03459
4.31849   42279.24537
4.32322   42417.31760
4.32795   42551.20765
4.33268   42680.87312
4.33741   42806.27286
4.34214   42927.36699
4.34687   43044.11694
4.35160   43156.48542
4.35633   43264.43650
4.36106   43367.93559
4.36579   43466.94949
4.37052   43561.44637
4.37525   43651.39581
4.37998   43736.76881
4.38471   43817.53782
4.38944   43893.67673
4.39417   43965.16090
4.39890   44031.96718
4.40363   44094.07389
4.40836   44151.46089
4.41309   44204.10951
4.41782   44252.00264
4.42255   44295.12470
4.42728   44333.46164
4.43201   44367.00096
4.43674   44395.73174
4.44147   44419.64460
4.44620   44438.73174
4.45093   44452.98692
4.45566   44462.40550
4.46039   44466.98439
4.46512   44466.72211
4.46985   44461.61873
4.47458   44451.67593
4.47931   44436.89694
4.48404   44417.28660
4.48877   44392.85131
4.49350   44363.59904
4.49823   44329.53934
4.50296   44290.68329
4.50769   44247.04358
4.51242   44198.63440
4.51715   44145.47152
4.52188   44087.57221
4.52661   44024.95529
4.53134   43957.64109
4.53607   43885.65143
4.54080   43809.00963
4.54553   43727.74048
4.55026   43641.87026
4.55499   43551.42668
4.55972   43456.43888
4.56445   43356.93745
4.56918   43252.95435
4.57391   43144.52294
4.57864   43031.67796
4.58337   42914.45550
4.58810   42792.89296
4.59283   42667.02908
4.59756   42536.90386
4.60229   42402.55860
4.60702   42264.03582
4.61175   42121.37930
4.61648   41974.63399
4.62121   41823.84603
4.62594   41669.06272
4.63067   41510.33249
4.63540   41347.70487
4.64013   41181.23047
4.64486   41010.96095
4.64959   40836.94900
4.65432   40659.24831
4.65905   40477.91355
4.66378   40293.00030
4.66851   40104.56510
4.67324   39912.66535
4.67797   39717.35930
4.68270   39518.70606
4.68743   39316.76551
4.69216   39111.59830
4.69689   38903.26583
4.70162   38691.83020
4.70635   38477.35419
4.71108   38259.90123
4.71581   38039.53535
4.72054   37816.32118
4.72527   37590.32389
4.73000   37361.60917
4.73473   37130.24321
4.73946   36896.29264
4.74419   36659.82454
4.74892   36420.90636
4.75365   36179.60592
4.75838   35935.99137
4.76311   35690.13116
4.76784   35442.09401
4.77257   35191.94886
4.77730   34939.76487
4.78203   34685.61136
4.78676   34429.55780
4.79149   34171.67376
4.79622   33912.02889
4.80095   33650.69290
4.80568   33387.73549
4.81041   33123.22638
4.81514   32857.23522
4.81987   32589.83160
4.82460   32321.08500
4.82933   32051.06477
4.83406   31779.84010
4.83879   31507.47999
4.84352   31234.05323
4.84825   30959.62834
4.85298   30684.27359
4.85771   30408.05694
4.86244   30131.04601
4.86717   29853.30809
4.87190   29574.91007
4.87663   29295.91845
4.88136   29016.39929
4.88609   28736.41819
4.89082   28456.04027
4.89555   28175.33018
4.90028   27894.35199
4.90501   27613.16926
4.90974   27331.84497
4.91447   27050.44150
4.91920   26769.02063
4.92393   26487.64350
4.92866   26206.37059
4.93339   25925.26171
4.93812   25644.37599
4.94285   25363.77184
4.94758   25083.50694
4.95231   24803.63823
4.95704   24524.22189
4.96177   24245.31332
4.96650   23966.96714
4.97123   23689.23713
4.97596   23412.17630
4.98069   23135.83678
4.98542   22860.26987
4.99015   22585.52603
4.99488   22311.65481
4.99961   22038.70492
5.00434   21766.72415
5.00907   21495.75939
5.01380   21225.85663
5.01853   20957.06094
5.02326   20689.41645
5.02799   20422.96637
5.03272   20157.75296
5.03745   19893.81753
5.04218   19631.20044
5.04691   19369.94110
5.05164   19110.07793
5.05637   18851.64843
5.06110   18594.68908
5.06583   18339.23542
5.07056   18085.32200
5.07529   17832.98241
5.08002   17582.24924
5.08475   17333.15412
5.08948   17085.72770
5.09421   16839.99965
5.09894   16595.99866
5.10367   16353.75245
5.10840   16113.28778
5.11313   15874.63041
5.11786   15637.80516
5.12259   15402.83589
5.12732   15169.74548
5.13205   14938.55586
5.13678   14709.28803
5.14151   14481.96203
5.14624   14256.59697
5.15097   14033.21101
5.15570   13811.82142
5.16043   13592.44451
5.16516   13375.09571
5.16989   13159.78953
5.17462   12946.53960
5.17935   12735.35866
5.18408   12526.25856
5.18881   12319.25030
5.19354   12114.34400
5.19827   11911.54895
5.20300   11710.87360
5.20773   11512.32556
5.21246   11315.91162
5.21719   11121.63780
5.22192   10929.50927
5.22665   10739.53045
5.23138   10551.70498
5.23611   10366.03574
5.24084   10182.52487
5.24557   10001.17375
5.25030   9821.98306
5.25503   9644.95275
5.25976   9470.08210
5.26449   9297.36966
5.26922   9126.81335
5.27395   8958.41041
5.27868   8792.15744
5.28341   8628.05039
5.28814   8466.08463
5.29287   8306.25487
5.29760   8148.55528
5.30233   7992.97942
5.30706   7839.52030
5.31179   7688.17037
5.31652   7538.92155
5.32125   7391.76523
5.32598   7246.69229
5.33071   7103.69313
5.33544   6962.75765
5.34017   6823.87530
5.34490   6687.03506
5.34963   6552.22547
5.35436   6419.43466
5.35909   6288.65033
5.36382   6159.85979
5.36855   6033.04997
5.37328   5908.20742
5.37801   5785.31832
5.38274   5664.36854
5.38747   5545.34358
5.39220   5428.22864
5.39693   5313.00862
5.40166   5199.66811
5.40639   5088.19145
5.41112   4978.56267
5.41585   4870.76558
5.42058   4764.78374
5.42531   4660.60048
5.43004   4558.19890
5.43477   4457.56192
5.43950   4358.67224
5.44423   4261.51239
5.44896   4166.06474
5.45369   4072.31148
5.45842   3980.23467
5.46315   3889.81622
5.46788   3801.03793
5.47261   3713.88148
5.47734   3628.32842
5.48207   3544.36026
5.48680   3461.95837
5.49153   3381.10407
5.49626   3301.77863
5.50099   3223.96324
5.50572   3147.63906
5.51045   3072.78720
5.51518   2999.38877
5.51991   2927.42483
5.52464   2856.87644
5.52937   2787.72468
5.53410   2719.95061
5.53883   2653.53530
5.54356   2588.45988
5.54829   2524.70548
5.55302   2462.25326
5.55775   2401.08446
5.56248   2341.18033
5.56721   2282.52221
5.57194   2225.09149
5.57667   2168.86964
5.58140   2113.83820
5.58613   2059.97880
5.59086   2007.27314
5.59559   1955.70304
5.60032   1905.25042
5.60505   1855.89728
5.60978   1807.62575
5.61451   1760.41808
5.61924   1714.25663
5.62397   1669.12387
5.62870   1625.00243
5.63343   1581.87506
5.63816   1539.72463
5.64289   1498.53417
5.64762   1458.28685
5.65235   1418.96598
5.65708   1380.55503
5.66181   1343.03762
5.66654   1306.39752
5.67127   1270.61868
5.67600   1235.68518
5.68073   1201.58128
5.68546   1168.29142
5.69019   1135.80019
5.69492   1104.09235
5.69965   1073.15284
5.70438   1042.96677
5.70911   1013.51944
5.71384   984.79630
5.71857   956.78300
5.72330   929.46535
5.72803   902.82937
5.73276   876.86123
5.73749   851.54729
5.74222   826.87410
5.74695   802.82839
5.75168   779.39707
5.75641   756.56725
5.76114   734.32619
5.76587   712.66136
5.77060   691.56041
5.77533   671.01117
5.78006   651.00166
5.78479   631.52006
5.78952   612.55477
5.79425   594.09434
5.79898   576.12752
5.80371   558.64323
5.80844   541.63058
5.81317   525.07885
5.81790   508.97751
5.82263   493.31619
5.82736   478.08473
5.83209   463.27310
5.83682   448.87148
5.84155   434.87021
5.84628   421.25980
5.85101   408.03093
5.85574   395.17447
5.86047   382.68143
5.86520   370.54299
5.86993   358.75052
5.87466   347.29553
5.87939   336.16970
5.88412   325.36486
5.88885   314.87301
5.89358   304.68632
5.89831   294.79709
5.90304   285.19777
5.90777   275.88100
5.91250   266.83953
5.91723   258.06628
5.92196   249.55430
5.92669   241.29681
5.93142   233.28715
5.93615   225.51881
5.94088   217.98542
5.94561   210.68074
5.95034   203.59867
5.95507   196.73324
5.95980   190.07862
5.96453   183.62911
5.96926   177.37912
5.97399   171.32319
5.97872   165.45601
5.98345   159.77237
5.98818   154.26716
5.99291   148.93543
5.99764   143.77232
6.00237   138.77309
6.00710   133.93310
6.01183   129.24785
6.01656   124.71292
6.02129   120.32401
6.02602   116.07691
6.03075   111.96753
6.03548   107.99187
6.04021   104.14604
6.04494   100.42623
6.04967   96.82875
6.05440   93.34996
6.05913   89.98636
6.06386   86.73452
6.06859   83.59108
6.07332   80.55280
6.07805   77.61650
6.08278   74.77910
6.08751   72.03757
6.09224   69.38900
6.09697   66.83053
6.10170   64.35939
6.10643   61.97287
6.11116   59.66835
6.11589   57.44327
6.12062   55.29515
6.12535   53.22156
6.13008   51.22016
6.13481   49.28865
6.13954   47.42481
6.14427   45.62649
6.14900   43.89158
6.15373   42.21804
6.15846   40.60389
6.16319   39.04720
6.16792   37.54611
6.17265   36.09879
6.17738   34.70349
6.18211   33.35848
6.18684   32.06211
6.19157   30.81277
6.19630   29.60889
6.20103   28.44894
6.20576   27.33146
6.21049   26.25501
6.21522   25.21822
6.21995   24.21973
6.22468   23.25824
6.22941   22.33249
6.23414   21.44126
6.23887   20.58335
6.24360   19.75761
6.24833   18.96294
6.25306   18.19825
6.25779   17.46249
6.26252   16.75465
6.26725   16.07376
6.27198   15.41886
6.27671   14.78903
6.28144   14.18338
6.28617   13.60106
6.29090   13.04123
6.29563   12.50307
6.30036   11.98582
6.30509   11.48872
6.30982   11.01103
6.31455   10.55206
6.31928   10.11112
6.32401   9.68755
6.32874   9.28071
6.33347   8.88999
6.33820   8.51479
6.34293   8.15454
6.34766   7.80868
6.35239   7.47667
6.35712   7.15801
6.36185   6.85218
6.36658   6.55870
6.37131   6.27710
6.37604   6.00695
6.38077   5.74779
6.38550   5.49922
6.39023   5.26082
6.39496   5.03221
6.39969   4.81301
6.40442   4.60286
6.40915   4.40140
6.41388   4.20831
6.41861   4.02324
6.42334   3.84590
6.42807   3.67597
6.43280   3.51317
6.43753   3.35722
6.44226   3.20783
6.44699   3.06476
6.45172   2.92776
6.45645   2.79657
6.46118   2.67097
6.46591   2.55073
6.47064   2.43564
6.47537   2.32550
6.48010   2.22009
6.48483   2.11922
6.48956   2.02272
6.49429   1.93041
6.49902   1.84210
6.50375   1.75765
6.50848   1.67688
6.51321   1.59965
6.51794   1.52581
6.52267   1.45522
6.52740   1.38775
6.53213   1.32326
6.53686   1.26163
6.54159   1.20274
6.54632   1.14647
6.55105   1.09272
6.55578   1.04137
6.56051   0.99233
6.56524   0.94550
6.56997   0.90077
6.57470   0.85807
6.57943   0.81731
6.58416   0.77839
6.58889   0.74125
6.59362   0.70581
6.59835   0.67198
6.60308   0.63971
6.60781   0.60892
6.61254   0.57955
6.61727   0.55154
6.62200   0.52482
6.62673   0.49934
6.63146   0.47505
6.63619   0.45189
6.64092   0.42981
6.64565   0.40877
6.65038   0.38871
6.65511   0.36960
6.65984   0.35139
6.66457   0.33404
6.66930   0.31752
6.67403   0.30177
6.67876   0.28678
6.68349   0.27250
6.68822   0.25891
6.69295   0.24596
6.69768   0.23364
6.70241   0.22191
6.70714   0.21075
6.71187   0.20013
6.71660   0.19002
6.72133   0.18040
6.72606   0.17125
6.73079   0.16255
6.73552   0.15427
6.74025   0.14640
6.74498   0.13891
6.74971   0.13180
6.75444   0.12503
6.75917   0.11860
6.76390   0.11248
6.76863   0.10668
6.77336   0.10115
6.77809   0.09591
6.78282   0.09093
6.78755   0.08619
6.79228   0.08170
6.79701   0.07743
6.80174   0.07337
6.80647   0.06952
6.81120   0.06587
6.81593   0.06240
6.82066   0.05910
6.82539   0.05598
6.83012   0.05301
6.83485   0.05020
6.83958   0.04753
6.84431   0.04499
6.84904   0.04259
6.85377   0.04031
6.85850   0.03815
6.86323   0.03610
6.86796   0.03416
6.87269   0.03232
6.87742   0.03057
6.88215   0.02892
6.88688   0.02735
6.89161   0.02586
6.89634   0.02446
6.90107   0.02312
6.90580   0.02186
6.91053   0.02066
6.91526   0.01953
6.91999   0.01846
6.92472   0.01744
6.92945   0.01648
6.93418   0.01557
6.93891   0.01471
6.94364   0.01389
6.94837   0.01312
6.95310   0.01239
6.95783   0.01170
6.96256   0.01104
6.96729   0.01043
6.97202   0.00984
6.97675   0.00929
6.98148   0.00877
6.98621   0.00827
6.99094   0.00780
6.99567   0.00736
7.00040   0.00694
7.00513   0.00655
7.00986   0.00618
7.01459   0.00583
7.01932   0.00549
7.02405   0.00518
7.02878   0.00488
7.03351   0.00460
7.03824   0.00434
7.04297   0.00409
7.04770   0.00385
7.05243   0.00363
7.05716   0.00342
7.06189   0.00322
7.06662   0.00303
7.07135   0.00286
7.07608   0.00269
7.08081   0.00253
7.08554   0.00238
7.09027   0.00224
7.09500   0.00211
7.09973   0.00199
7.10446   0.00187
7.10919   0.00176
7.11392   0.00166
7.11865   0.00156
7.12338   0.00147
7.12811   0.00138
7.13284   0.00130
7.13757   0.00122
7.14230   0.00115
7.14703   0.00108
7.15176   0.00101
7.15649   0.00095
7.16122   0.00089
7.16595   0.00084
7.17068   0.00079
7.17541   0.00074
7.18014   0.00070
7.18487   0.00066
7.18960   0.00062
7.19433   0.00058
7.19906   0.00054
7.20379   0.00051
7.20852   0.00048
7.21325   0.00045
7.21798   0.00042
7.22271   0.00040
7.22744   0.00037
7.23217   0.00035
7.23690   0.00033
7.24163   0.00031
7.24636   0.00029
7.25109   0.00027
7.25582   0.00025
7.26055   0.00024
7.26528   0.00022
7.27001   0.00021
7.27474   0.00020
7.27947   0.00018
7.28420   0.00017
7.28893   0.00016
7.29366   0.00015
7.29839   0.00014
7.30312   0.00013
7.30785   0.00012
7.31258   0.00012
7.31731   0.00011
7.32204   0.00010
7.32677   0.00010
7.33150   0.00009
7.33623   0.00008
7.34096   0.00008
7.34569   0.00007
7.35042   0.00007
7.35515   0.00006
7.35988   0.00006
7.36461   0.00006
7.36934   0.00005
7.37407   0.00005
7.37880   0.00005
7.38353   0.00004
7.38826   0.00004
7.39299   0.00004
7.39772   0.00003
7.40245   0.00003
7.40718   0.00003
7.41191   0.00003
7.41664   0.00003
7.42137   0.00002
7.42610   0.00002
7.43083   0.00002
7.43556   0.00002
7.44029   0.00002
7.44502   0.00002
7.44975   0.00002
7.45448   0.00002
7.45921   0.00001
7.46394   0.00001
7.46867   0.00001
7.47340   0.00001
7.47813   0.00001
7.48286   0.00001
7.48759   0.00001
7.49232   0.00001
7.49705   0.00001
7.50178   0.00001
7.50651   0.00001
7.51124   0.00001
7.51597   0.00001
7.52070   0.00001
7.52543   0.00001
7.53016   0.00001
7.53489   0.00000
7.53962   0.00000
7.54435   0.00000
7.54908   0.00000
7.55381   0.00000
7.55854   0.00000
7.56327   0.00000
7.56800   0.00000
7.57273   0.00000
7.57746   0.00000
7.58219   0.00000
7.58692   0.00000
7.59165   0.00000
7.59638   0.00000
7.60111   0.00000
7.60584   0.00000
7.61057   0.00000
7.61530   0.00000
7.62003   0.00000
7.62476   0.00000
7.62949   0.00000
7.63422   0.00000
7.63895   0.00000
7.64368   0.00000
7.64841   0.00000
7.65314   0.00000
7.65787   0.00000
7.66260   0.00000
7.66733   0.00000
7.67206   0.00000
7.67679   0.00000
7.68152   0.00000
7.68625   0.00000
7.69098   0.00000
7.69571   0.00000
7.70044   0.00000
7.70517   0.00000
7.70990   0.00000
7.71463   0.00000
7.71936   0.00000
7.72409   0.00000
7.72882   0.00000
7.73355   0.00000
7.73828   0.00000
7.74301   0.00000
7.74774   0.00000
7.75247   0.00000
7.75720   0.00000
7.76193   0.00000
7.76666   0.00000
7.77139   0.00000
7.77612   0.00000
7.78085   0.00000
7.78558   0.00000
7.79031   0.00000
7.79504   0.00000
7.79977   0.00000
7.80450   0.00000
7.80923   0.00000
7.81396   0.00000
7.81869   0.00000
7.82342   0.00000
7.82815   0.00000
7.83288   0.00000
7.83761   0.00000
7.84234   0.00000
7.84707   0.00000
7.85180   0.00000
7.85653   0.00000
7.86126   0.00000
7.86599   0.00000
7.87072   0.00000
7.87545   0.00000
7.88018   0.00000
7.88491   0.00000
7.88964   0.00000
7.89437   0.00000
7.89910   0.00000
7.90383   0.00000
7.90856   0.00000
7.91329   0.00000
7.91802   0.00000
7.92275   0.00000
7.92748   0.00000
7.93221   0.00000
7.93694   0.00000
7.94167   0.00000
7.94640   0.00000
7.95113   0.00000
7.95586   0.00000
7.96059   0.00000
7.96532   0.00000
7.97005   0.00000
7.97478   0.00000
7.97951   0.00000
7.98424   0.00000
7.98897   0.00000
7.99370   0.00000
7.99843   0.00000
8.00316   0.00000
8.00789   0.00000
8.01262   0.00000
8.01735   0.00000
8.02208   0.00000
8.02681   0.00000
8.03154   0.00000
8.03627   0.00000
8.04100   0.00000
8.04573   0.00000
8.05046   0.00000
8.05519   0.00000
8.05992   0.00000
8.06465   0.00000
8.06938   0.00000
8.07411   0.00000
8.07884   0.00000
8.08357   0.00000
8.08830   0.00000
8.09303   0.00000
8.09776   0.00000
8.10249   0.00000
8.10722   0.00000
8.11195   0.00000
8.11668   0.00000
8.12141   0.00000
8.12614   0.00000
8.13087   0.00000
8.13560   0.00000
8.14033   0.00000
8.14506   0.00000
8.14979   0.00000
8.15452   0.00000
8.15925   0.00000
8.16398   0.00000
8.16871   0.00000
8.17344   0.00000
8.17817   0.00000
8.18290   0.00000
8.18763   0.00000
8.19236   0.00000
8.19709   0.00000
8.20182   0.00000
8.20655   0.00000
8.21128   0.00000
8.21601   0.00000
8.22074   0.00000
8.22547   0.00000
8.23020   0.00000
8.23493   0.00000
8.23966   0.00000
8.24439   0.00000
8.24912   0.00000
8.25385   0.00000
8.25858   0.00000
8.26331   0.00000
8.26804   0.00000
8.27277   0.00000
8.27750   0.00000
8.28223   0.00000
8.28696   0.00000
8.29169   0.00000
8.29642   0.00000
8.30115   0.00000
8.30588   0.00000
8.31061   0.00000
8.31534   0.00000
8.32007   0.00000
8.32480   0.00000
8.32953   0.00000
8.33426   0.00000
8.33899   0.00000
8.34372   0.00000
8.34845   0.00000
8.35318   0.00000
8.35791   0.00000
8.36264   0.00000
8.36737   0.00000
8.37210   0.00000
8.37683   0.00000
8.38156   0.00000
8.38629   0.00000
8.39102   0.00000
8.39575   0.00000
8.40048   0.00000
8.40521   0.00000
8.40994   0.00000
8.41467   0.00000
8.41940   0.00000
8.42413   0.00000
8.42886   0.00000
8.43359   0.00000
8.43832   0.00000
8.44305   0.00000
8.44778   0.00000
8.45251   0.00000
8.45724   0.00000
8.46197   0.00000
8.46670   0.00000
8.47143   0.00000
8.47616   0.00000
8.48089   0.00000
8.48562   0.00000
8.49035   0.00000
8.49508   0.00000
8.49981   0.00000
8.50454   0.00000
8.50927   0.00000
8.51400   0.00000
8.51873   0.00000
8.52346   0.00000
8.52819   0.00000
8.53292   0.00000
8.53765   0.00000
8.54238   0.00000
8.54711   0.00000
8.55184   0.00000
8.55657   0.00000
8.56130   0.00000
8.56603   0.00000
8.57076   0.00000
8.57549   0.00000
8.58022   0.00000
8.58495   0.00000
8.58968   0.00000
8.59441   0.00000
8.59914   0.00000
8.60387   0.00000
8.60860   0.00000
8.61333   0.00000
8.61806   0.00000
8.62279   0.00000
8.62752   0.00000
8.63225   0.00000
8.63698   0.00000
8.64171   0.00000
8.64644   0.00000
8.65117   0.00000
8.65590   0.00000
8.66063   0.00000
8.66536   0.00000
8.67009   0.00000
8.67482   0.00000
8.67955   0.00000
8.68428   0.00000
8.68901   0.00000
8.69374   0.00000
8.69847   0.00000
8.70320   0.00000
8.70793   0.00000
8.71266   0.00000
8.71739   0.00000
8.72212   0.00000
8.72685   0.00000
8.73158   0.00000
8.73631   0.00000
8.74104   0.00000
8.74577   0.00000
8.75050   0.00000
8.75523   0.00000
8.75996   0.00000
8.76469   0.00000
8.76942   0.00000
8.77415   0.00000
8.77888   0.00000
8.78361   0.00000
8.78834   0.00000
8.79307   0.00000
8.79780   0.00000
8.80253   0.00000
8.80726   0.00000
8.81199   0.00000
8.81672   0.00000
8.82145   0.00000
8.82618   0.00000
8.83091   0.00000
8.83564   0.00000
8.84037   0.00000
8.84510   0.00000
8.84983   0.00000
8.85456   0.00000
8.85929   0.00000
8.86402   0.00000
8.86875   0.00000
8.87348   0.00000
8.87821   0.00000
8.88294   0.00000
8.88767   0.00000
8.89240   0.00000
8.89713   0.00000
8.90186   0.00000
8.90659   0.00000
8.91132   0.00000
8.91605   0.00000
8.92078   0.00000
8.92551   0.00000
8.93024   0.00000
8.93497   0.00000
8.93970   0.00000
8.94443   0.00000
8.94916   0.00000
8.95389   0.00000
8.95862   0.00000
8.96335   0.00000
8.96808   0.00000
8.97281   0.00000
8.97754   0.00000
8.98227   0.00000
8.98700   0.00000
8.99173   0.00000
8.99646   0.00000
9.00119   0.00000
9.00592   0.00000
9.01065   0.00000
9.01538   0.00000
9.02011   0.00000
9.02484   0.00000
9.02957   0.00000
9.03430   0.00000
9.03903   0.00000
9.04376   0.00000
9.04849   0.00000
9.05322   0.00000
9.05795   0.00000
9.06268   0.00000
9.06741   0.00000
9.07214   0.00000
9.07687   0.00000
9.08160   0.00000
9.08633   0.00000
9.09106   0.00000
9.09579   0.00000
9.10052   0.00000
9.10525   0.00000
9.10998   0.00000
9.11471   0.00000
9.11944   0.00000
9.12417   0.00000
9.12890   0.00000
9.13363   0.00000
9.13836   0.00000
9.14309   0.00000
9.14782   0.00000
9.15255   0.00000
9.15728   0.00000
9.16201   0.00000
9.16674   0.00000
9.17147   0.00000
9.17620   0.00000
9.18093   0.00000
9.18566   0.00000
9.19039   0.00000
9.19512   0.00000
9.19985   0.00000
9.20458   0.00000
9.20931   0.00000
9.21404   0.00000
9.21877   0.00000
9.22350   0.00000
9.22823   0.00000
9.23296   0.00000
9.23769   0.00000
9.24242   0.00000
9.24715   0.00000
9.25188   0.00000
9.25661   0.00000
9.26134   0.00000
9.26607   0.00000
9.27080   0.00000
9.27553   0.00000
9.28026   0.00000
9.28499   0.00000
9.28972   0.00000
9.29445   0.00000
9.29918   0.00000
9.30391   0.00000
9.30864   0.00000
9.31337   0.00000
9.31810   0.00000
9.32283   0.00000
9.32756   0.00000
9.33229   0.00000
9.33702   0.00000
9.34175   0.00000
9.34648   0.00000
9.35121   0.00000
9.35594   0.00000
9.36067   0.00000
9.36540   0.00000
9.37013   0.00000
9.37486   0.00000
9.37959   0.00000
9.38432   0.00000
9.38905   0.00000
9.39378   0.00000
9.39851   0.00000
9.40324   0.00000
9.40797   0.00000
9.41270   0.00000
9.41743   0.00000
9.42216   0.00000
9.42689   0.00000
9.43162   0.00000
9.43635   0.00000
9.44108   0.00000
9.44581   0.00000
9.45054   0.00000
9.45527   0.00000
9.46000   0.00000
