0.72820   0.00000
0.73364   0.00000
0.73908   0.00000
0.74452   0.00000
0.74996   0.00000
0.75540   0.00000
0.76084   0.00000
0.76628   0.00000
0.77172   0.00000
0.77716   0.00000
0.78260   0.00000
0.78804   0.00000
0.79348   0.00000
0.79892   0.00000
0.80436   0.00000
0.80980   0.00000
0.81524   0.00000
0.82068   0.00000
0.82612   0.00000
0.83156   0.00000
0.83700   0.00000
0.84244   0.00000
0.84788   0.00000
0.85332   0.00000
0.85876   0.00000
0.86420   0.00000
0.86964   0.00000
0.87508   0.00000
0.88052   0.00000
0.88596   0.00000
0.89140   0.00000
0.89684   0.00000
0.90228   0.00000
0.90772   0.00000
0.91316   0.00000
0.91860   0.00000
0.92404   0.00000
0.92948   0.00000
0.93492   0.00000
0.94036   0.00000
0.94580   0.00000
0.95124   0.00000
0.95668   0.00000
0.96212   0.00000
0.96756   0.00000
0.97300   0.00000
0.97844   0.00000
0.98388   0.00000
0.98932   0.00000
0.99476   0.00000
1.00020   0.00001
1.00564   0.00001
1.01108   0.00001
1.01652   0.00001
1.02196   0.00001
1.02740   0.00001
1.03284   0.00001
1.03828   0.00001
1.04372   0.00001
1.04916   0.00001
1.05460   0.00001
1.06004   0.00001
1.06548   0.00001
1.07092   0.00001
1.07636   0.00001
1.08180   0.00001
1.08724   0.00001
1.09268   0.00001
1.09812   0.00001
1.10356   0.00001
1.10900   0.00001
1.11444   0.00001
1.11988   0.00001
1.12532   0.00001
1.13076   0.00001
1.13620   0.00001
1.14164   0.00001
1.14708   0.00001
1.15252   0.00001
1.15796   0.00001
1.16340   0.00002
1.16884   0.00002
1.17428   0.00002
1.17972   0.00002
1.18516   0.00002
1.19060   0.00002
1.19604   0.00002
1.20148   0.00002
1.20692   0.00002
1.21236   0.00002
1.21780   0.00002
1.22324   0.00002
1.22868   0.00002
1.23412   0.00002
1.23956   0.00003
1.24500   0.00003
1.25044   0.00003
1.25588   0.00003
1.26132   0.00003
1.26676   0.00003
1.27220   0.00003
1.27764   0.00003
1.28308   0.00003
1.28852   0.00003
1.29396   0.00004
1.29940   0.00004
1.30484   0.00004
1.31028   0.00004
1.31572   0.00004
1.32116   0.00004
1.32660   0.00004
1.33204   0.00005
1.33748   0.00005
1.34292   0.00005
1.34836   0.00005
1.35380   0.00005
1.35924   0.00006
1.36468   0.00006
1.37012   0.00006
1.37556   0.00006
1.38100   0.00006
1.38644   0.00007
1.39188   0.00007
1.39732   0.00007
1.40276   0.00007
1.40820   0.00008
1.41364   0.00008
1.41908   0.00008
1.42452   0.00008
1.42996   0.00009
1.43540   0.00009
1.44084   0.00009
1.44628   0.00010
1.45172   0.00010
1.45716   0.00010
1.46260   0.00011
1.46804   0.00011
1.47348   0.00011
1.47892   0.00012
1.48436   0.00012
1.48980   0.00013
1.49524   0.00013
1.50068   0.00014
1.50612   0.00014
1.51156   0.00015
1.51700   0.00015
1.52244   0.00016
1.52788   0.00016
1.53332   0.00017
1.53876   0.00017
1.54420   0.00018
1.54964   0.00019
1.55508   0.00019
1.56052   0.00020
1.56596   0.00020
1.57140   0.00021
1.57684   0.00022
1.58228   0.00023
1.58772   0.00023
1.59316   0.00024
1.59860   0.00025
1.60404   0.00026
1.60948   0.00027
1.61492   0.00028
1.62036   0.00029
1.62580   0.00030
1.63124   0.00031
1.63668   0.00032
1.64212   0.00033
1.64756   0.00034
1.65300   0.00035
1.65844   0.00036
1.66388   0.00037
1.66932   0.00039
1.67476   0.00040
1.68020   0.00041
1.68564   0.00043
1.69108   0.00044
1.69652   0.00046
1.70196   0.00047
1.70740   0.00049
1.71284   0.00050
1.71828   0.00052
1.72372   0.00054
1.72916   0.00056
1.73460   0.00057
1.74004   0.00059
1.74548   0.00061
1.75092   0.00063
1.75636   0.00065
1.76180   0.00068
1.76724   0.00070
1.77268   0.00072
1.77812   0.00074
1.78356   0.00077
1.78900   0.00079
1.79444   0.00082
1.79988   0.00085
1.80532   0.00088
1.81076   0.00090
1.81620   0.00093
1.82164   0.00096
1.82708   0.00100
1.83252   0.00103
1.83796   0.00106
1.84340   0.00110
1.84884   0.00113
1.85428   0.00117
1.85972   0.00121
1.86516   0.00124
1.87060   0.00128
1.87604   0.00133
1.88148   0.00137
1.88692   0.00141
1.89236   0.00146
1.89780   0.00151
1.90324   0.00155
1.90868   0.00160
1.91412   0.00165
1.91956   0.00171
1.92500   0.00176
1.93044   0.00182
1.93588   0.00188
1.94132   0.00194
1.94676   0.00200
1.95220   0.00206
1.95764   0.00213
1.96308   0.00219
1.96852   0.00226
1.97396   0.00233
1.97940   0.00241
1.98484   0.00248
1.99028   0.00256
1.99572   0.00264
2.00116   0.00272
2.00660   0.00281
2.01204   0.00290
2.01748   0.00299
2.02292   0.00308
2.02836   0.00318
2.03380   0.00328
2.03924   0.00338
2.04468   0.00348
2.05012   0.00359
2.05556   0.00370
2.06100   0.00382
2.06644   0.00394
2.07188   0.00406
2.07732   0.00418
2.08276   0.00431
2.08820   0.00445
2.09364   0.00458
2.09908   0.00472
2.10452   0.00487
2.10996   0.00502
2.11540   0.00517
2.12084   0.00533
2.12628   0.00549
2.13172   0.00566
2.13716   0.00583
2.14260   0.00601
2.14804   0.00619
2.15348   0.00638
2.15892   0.00657
2.16436   0.00677
2.16980   0.00698
2.17524   0.00719
2.18068   0.00740
2.18612   0.00763
2.19156   0.00786
2.19700   0.00809
2.20244   0.00833
2.20788   0.00858
2.21332   0.00884
2.21876   0.00910
2.22420   0.00938
2.22964   0.00966
2.23508   0.00994
2.24052   0.01024
2.24596   0.01054
2.25140   0.01086
2.25684   0.01118
2.26228   0.01151
2.26772   0.01185
2.27316   0.01220
2.27860   0.01256
2.28404   0.01293
2.28948   0.01331
2.29492   0.01370
2.30036   0.01410
2.30580   0.01451
2.31124   0.01494
2.31668   0.01537
2.32212   0.01582
2.32756   0.01628
2.33300   0.01676
2.33844   0.01724
2.34388   0.01774
2.34932   0.01826
2.35476   0.01879
2.36020   0.01933
2.36564   0.01989
2.37108   0.02046
2.37652   0.02105
2.38196   0.02166
2.38740   0.02228
2.39284   0.02292
2.39828   0.02358
2.40372   0.02425
2.40916   0.02494
2.41460   0.02565
2.42004   0.02639
2.42548   0.02714
2.43092   0.02791
2.43636   0.02870
2.44180   0.02951
2.44724   0.03035
2.45268   0.03121
2.45812   0.03209
2.46356   0.03299
2.46900   0.03392
2.47444   0.03488
2.47988   0.03586
2.48532   0.03686
2.49076   0.03790
2.49620   0.03896
2.50164   0.04004
2.50708   0.04116
2.51252   0.04231
2.51796   0.04348
2.52340   0.04469
2.52884   0.04593
2.53428   0.04721
2.53972   0.04851
2.54516   0.04985
2.55060   0.05123
2.55604   0.05264
2.56148   0.05409
2.56692   0.05558
2.57236   0.05710
2.57780   0.05867
2.58324   0.06027
2.58868   0.06192
2.59412   0.06361
2.59956   0.06535
2.60500   0.06713
2.61044   0.06895
2.61588   0.07082
2.62132   0.07274
2.62676   0.07471
2.63220   0.07673
2.63764   0.07881
2.64308   0.08093
2.64852   0.08311
2.65396   0.08534
2.65940   0.08764
2.66484   0.08999
2.67028   0.09240
2.67572   0.09487
2.68116   0.09740
2.68660   0.10000
2.69204   0.10266
2.69748   0.10539
2.70292   0.10819
2.70836   0.11106
2.71380   0.11400
2.71924   0.11701
2.72468   0.12010
2.73012   0.12327
2.73556   0.12651
2.74100   0.12984
2.74644   0.13325
2.75188   0.13674
2.75732   0.14032
2.76276   0.14399
2.76820   0.14775
2.77364   0.15160
2.77908   0.15554
2.78452   0.15959
2.78996   0.16373
2.79540   0.16797
2.80084   0.17232
2.80628   0.17677
2.81172   0.18134
2.81716   0.18601
2.82260   0.19079
2.82804   0.19570
2.83348   0.20072
2.83892   0.20586
2.84436   0.21112
2.84980   0.21652
2.85524   0.22204
2.86068   0.22770
2.86612   0.23349
2.87156   0.23942
2.87700   0.24549
2.88244   0.25170
2.88788   0.25807
2.89332   0.26458
2.89876   0.27125
2.90420   0.27808
2.90964   0.28507
2.91508   0.29222
2.92052   0.29954
2.92596   0.30704
2.93140   0.31471
2.93684   0.32256
2.94228   0.33059
2.94772   0.33881
2.95316   0.34723
2.95860   0.35584
2.96404   0.36465
2.96948   0.37366
2.97492   0.38289
2.98036   0.39232
2.98580   0.40198
2.99124   0.41186
2.99668   0.42196
3.00212   0.43230
3.00756   0.44287
3.01300   0.45369
3.01844   0.46475
3.02388   0.47607
3.02932   0.48764
3.03476   0.49948
3.04020   0.51159
3.04564   0.52397
3.05108   0.53663
3.05652   0.54957
3.06196   0.56281
3.06740   0.57635
3.07284   0.59019
3.07828   0.60434
3.08372   0.61880
3.08916   0.63359
3.09460   0.64871
3.10004   0.66417
3.10548   0.67997
3.11092   0.69612
3.11636   0.71263
3.12180   0.72950
3.12724   0.74674
3.13268   0.76437
3.13812   0.78238
3.14356   0.80079
3.14900   0.81960
3.15444   0.83882
3.15988   0.85847
3.16532   0.87854
3.17076   0.89904
3.17620   0.91999
3.18164   0.94140
3.18708   0.96327
3.19252   0.98561
3.19796   1.00843
3.20340   1.03174
3.20884   1.05555
3.21428   1.07988
3.21972   1.10472
3.22516   1.13010
3.23060   1.15601
3.23604   1.18248
3.24148   1.20950
3.24692   1.23710
3.25236   1.26529
3.25780   1.29407
3.26324   1.32345
3.26868   1.35346
3.27412   1.38409
3.27956   1.41536
3.28500   1.44729
3.29044   1.47989
3.29588   1.51316
3.30132   1.54713
3.30676   1.58180
3.31220   1.61719
3.31764   1.65331
3.32308   1.69018
3.32852   1.72780
3.33396   1.76620
3.33940   1.80538
3.34484   1.84537
3.35028   1.88618
3.35572   1.92781
3.36116   1.97030
3.36660   2.01364
3.37204   2.05787
3.37748   2.10299
3.38292   2.14902
3.38836   2.19598
3.39380   2.24388
3.39924   2.29274
3.40468   2.34259
3.41012   2.39343
3.41556   2.44528
3.42100   2.49817
3.42644   2.55210
3.43188   2.60711
3.43732   2.66321
3.44276   2.72041
3.44820   2.77874
3.45364   2.83822
3.45908   2.89886
3.46452   2.96070
3.46996   3.02374
3.47540   3.08801
3.48084   3.15353
3.48628   3.22033
3.49172   3.28842
3.49716   3.35783
3.50260   3.42857
3.50804   3.50069
3.51348   3.57418
3.51892   3.64909
3.52436   3.72543
3.52980   3.80324
3.53524   3.88252
3.54068   3.96331
3.54612   4.04564
3.55156   4.12952
3.55700   4.21500
3.56244   4.30208
3.56788   4.39080
3.57332   4.48119
3.57876   4.57328
3.58420   4.66708
3.58964   4.76264
3.59508   4.85998
3.60052   4.95912
3.60596   5.06011
3.61140   5.16296
3.61684   5.26771
3.62228   5.37439
3.62772   5.48303
3.63316   5.59366
3.63860   5.70632
3.64404   5.82103
3.64948   5.93783
3.65492   6.05676
3.66036   6.17784
3.66580   6.30112
3.67124   6.42662
3.67668   6.55438
3.68212   6.68443
3.68756   6.81682
3.69300   6.95158
3.69844   7.08875
3.70388   7.22835
3.70932   7.37044
3.71476   7.51505
3.72020   7.66221
3.72564   7.81198
3.73108   7.96438
3.73652   8.11945
3.74196   8.27725
3.74740   8.43780
3.75284   8.60116
3.75828   8.76735
3.76372   8.93644
3.76916   9.10845
3.77460   9.28344
3.78004   9.46144
3.78548   9.64251
3.79092   9.82668
3.79636   10.01400
3.80180   10.20453
3.80724   10.39830
3.81268   10.59536
3.81812   10.79577
3.82356   10.99956
3.82900   11.20680
3.83444   11.41752
3.83988   11.63178
3.84532   11.84963
3.85076   12.07112
3.85620   12.29631
3.86164   12.52523
3.86708   12.75796
3.87252   12.99454
3.87796   13.23502
3.88340   13.47946
3.88884   13.72792
3.89428   13.98045
3.89972   14.23710
3.90516   14.49795
3.91060   14.76303
3.91604   15.03241
3.92148   15.30615
3.92692   15.58431
3.93236   15.86695
3.93780   16.15413
3.94324   16.44590
3.94868   16.74234
3.95412   17.04351
3.95956   17.34946
3.96500   17.66026
3.97044   17.97598
3.97588   18.29668
3.98132   18.62243
3.98676   18.95329
3.99220   19.28934
3.99764   19.63062
4.00308   19.97723
4.00852   20.32922
4.01396   20.68667
4.01940   21.04964
4.02484   21.41822
4.03028   21.79246
4.03572   22.17244
4.04116   22.55824
4.04660   22.94993
4.05204   23.34759
4.05748   23.75128
4.06292   24.16110
4.06836   24.57711
4.07380   24.99940
4.07924   25.42804
4.08468   25.86311
4.09012   26.30470
4.09556   26.75289
4.10100   27.20777
4.10644   27.66941
4.11188   28.13790
4.11732   28.61333
4.12276   29.09579
4.12820   29.58537
4.13364   30.08216
4.13908   30.58624
4.14452   31.09772
4.14996   31.61669
4.15540   32.14325
4.16084   32.67750
4.16628   33.21953
4.17172   33.76945
4.17716   34.32736
4.18260   34.89338
4.18804   35.46761
4.19348   36.05016
4.19892   36.64114
4.20436   37.24069
4.20980   37.84891
4.21524   38.46593
4.22068   39.09188
4.22612   39.72689
4.23156   40.37110
4.23700   41.02464
4.24244   41.68766
4.24788   42.36031
4.25332   43.04275
4.25876   43.73513
4.26420   44.43763
4.26964   45.15042
4.27508   45.87367
4.28052   46.60758
4.28596   47.35235
4.29140   48.10818
4.29684   48.87528
4.30228   49.65389
4.30772   50.44424
4.31316   51.24657
4.31860   52.06116
4.32404   52.88827
4.32948   53.72820
4.33492   54.58125
4.34036   55.44775
4.34580   56.32803
4.35124   57.22245
4.35668   58.13140
4.36212   59.05529
4.36756   59.99453
4.37300   60.94958
4.37844   61.92093
4.38388   62.90908
4.38932   63.91457
4.39476   64.93798
4.40020   65.97992
4.40564   67.04104
4.41108   68.12203
4.41652   69.22362
4.42196   70.34660
4.42740   71.49179
4.43284   72.66009
4.43828   73.85243
4.44372   75.06980
4.44916   76.31329
4.45460   77.58402
4.46004   78.88321
4.46548   80.21212
4.47092   81.57214
4.47636   82.96472
4.48180   84.39140
4.48724   85.85383
4.49268   87.35377
4.49812   88.89307
4.50356   90.47372
4.50900   92.09782
4.51444   93.76762
4.51988   95.48548
4.52532   97.25394
4.53076   99.07569
4.53620   100.95356
4.54164   102.89058
4.54708   104.88997
4.55252   106.95512
4.55796   109.08965
4.56340   111.29738
4.56884   113.58237
4.57428   115.94892
4.57972   118.40158
4.58516   120.94516
4.59060   123.58477
4.59604   126.32579
4.60148   129.17393
4.60692   132.13521
4.61236   135.21601
4.61780   138.42305
4.62324   141.76344
4.62868   145.24466
4.63412   148.87463
4.63956   152.66168
4.64500   156.61460
4.65044   160.74265
4.65588   165.05556
4.66132   169.56361
4.66676   174.27759
4.67220   179.20885
4.67764   184.36932
4.68308   189.77156
4.68852   195.42871
4.69396   201.35462
4.69940   207.56378
4.70484   214.07140
4.71028   220.89344
4.71572   228.04658
4.72116   235.54834
4.72660   243.41702
4.73204   251.67178
4.73748   260.33265
4.74292   269.42057
4.74836   278.95741
4.75380   288.96601
4.75924   299.47019
4.76468   310.49482
4.77012   322.06579
4.77556   334.21012
4.78100   346.95591
4.78644   360.33242
4.79188   374.37010
4.79732   389.10059
4.80276   404.55678
4.80820   420.77282
4.81364   437.78417
4.81908   455.62759
4.82452   474.34121
4.82996   493.96455
4.83540   514.53853
4.84084   536.10548
4.84628   558.70921
4.85172   582.39501
4.85716   607.20966
4.86260   633.20146
4.86804   660.42026
4.87348   688.91745
4.87892   718.74603
4.88436   749.96053
4.88980   782.61711
4.89524   816.77354
4.90068   852.48919
4.90612   889.82503
4.91156   928.84368
4.91700   969.60934
4.92244   1012.18783
4.92788   1056.64660
4.93332   1103.05465
4.93876   1151.48257
4.94420   1202.00251
4.94964   1254.68816
4.95508   1309.61471
4.96052   1366.85882
4.96596   1426.49862
4.97140   1488.61361
4.97684   1553.28467
4.98228   1620.59401
4.98772   1690.62508
4.99316   1763.46253
4.99860   1839.19215
5.00404   1917.90083
5.00948   1999.67642
5.01492   2084.60772
5.02036   2172.78434
5.02580   2264.29667
5.03124   2359.23574
5.03668   2457.69310
5.04212   2559.76080
5.04756   2665.53117
5.05300   2775.09681
5.05844   2888.55035
5.06388   3005.98444
5.06932   3127.49153
5.07476   3253.16375
5.08020   3383.09279
5.08564   3517.36972
5.09108   3656.08484
5.09652   3799.32752
5.10196   3947.18604
5.10740   4099.74739
5.11284   4257.09714
5.11828   4419.31919
5.12372   4586.49566
5.12916   4758.70662
5.13460   4936.02998
5.14004   5118.54119
5.14548   5306.31314
5.15092   5499.41586
5.15636   5697.91641
5.16180   5901.87855
5.16724   6111.36264
5.17268   6326.42534
5.17812   6547.11945
5.18356   6773.49365
5.18900   7005.59231
5.19444   7243.45523
5.19988   7487.11749
5.20532   7736.60915
5.21076   7991.95511
5.21620   8253.17481
5.22164   8520.28212
5.22708   8793.28502
5.23252   9072.18548
5.23796   9356.97922
5.24340   9647.65548
5.24884   9944.19691
5.25428   10246.57929
5.25972   10554.77141
5.26516   10868.73488
5.27060   11188.42393
5.27604   11513.78532
5.28148   11844.75810
5.28692   12181.27354
5.29236   12523.25498
5.29780   12870.61766
5.30324   13223.26870
5.30868   13581.10691
5.31412   13944.02276
5.31956   14311.89827
5.32500   14684.60698
5.33044   15062.01387
5.33588   15443.97535
5.34132   15830.33923
5.34676   16220.94469
5.35220   16615.62234
5.35764   17014.19421
5.36308   17416.47378
5.36852   17822.26607
5.37396   18231.36770
5.37940   18643.56698
5.38484   19058.64401
5.39028   19476.37080
5.39572   19896.51144
5.40116   20318.82224
5.40660   20743.05189
5.41204   21168.94168
5.41748   21596.22570
5.42292   22024.63108
5.42836   22453.87821
5.43380   22883.68102
5.43924   23313.74725
5.44468   23743.77877
5.45012   24173.47185
5.45556   24602.51752
5.46100   25030.60191
5.46644   25457.40657
5.47188   25882.60892
5.47732   26305.88254
5.48276   26726.89765
5.48820   27145.32146
5.49364   27560.81866
5.49908   27973.05179
5.50452   28381.68171
5.50996   28786.36810
5.51540   29186.76983
5.52084   29582.54552
5.52628   29973.35399
5.53172   30358.85474
5.53716   30738.70843
5.54260   31112.57741
5.54804   31480.12619
5.55348   31841.02197
5.55892   32194.93509
5.56436   32541.53961
5.56980   32880.51376
5.57524   33211.54043
5.58068   33534.30772
5.58612   33848.50938
5.59156   34153.84536
5.59700   34450.02220
5.60244   34736.75362
5.60788   35013.76088
5.61332   35280.77331
5.61876   35537.52873
5.62420   35783.77387
5.62964   36019.26482
5.63508   36243.76744
5.64052   36457.05772
5.64596   36658.92221
5.65140   36849.15832
5.65684   37027.57474
5.66228   37193.99171
5.66772   37348.24134
5.67316   37490.16792
5.67860   37619.62817
5.68404   37736.49152
5.68948   37840.64027
5.69492   37931.96987
5.70036   38010.38906
5.70580   38075.82004
5.71124   38128.19860
5.71668   38167.47424
5.72212   38193.61025
5.72756   38206.58380
5.73300   38206.38593
5.73844   38193.02161
5.74388   38166.50971
5.74932   38126.88298
5.75476   38074.18797
5.76020   38008.48497
5.76564   37929.84789
5.77108   37838.36412
5.77652   37734.13441
5.78196   37617.27267
5.78740   37487.90577
5.79284   37346.17331
5.79828   37192.22739
5.80372   37026.23237
5.80916   36848.36453
5.81460   36658.81181
5.82004   36457.77346
5.82548   36245.45972
5.83092   36022.09145
5.83636   35787.89974
5.84180   35543.12556
5.84724   35288.01930
5.85268   35022.84039
5.85812   34747.85687
5.86356   34463.34492
5.86900   34169.58840
5.87444   33866.87844
5.87988   33555.51290
5.88532   33235.79593
5.89076   32908.03746
5.89620   32572.55275
5.90164   32229.66182
5.90708   31879.68902
5.91252   31522.96249
5.91796   31159.81368
5.92340   30790.57681
5.92884   30415.58842
5.93428   30035.18680
5.93972   29649.71159
5.94516   29259.50318
5.95060   28864.90230
5.95604   28466.24951
5.96148   28063.88472
5.96692   27658.14675
5.97236   27249.37284
5.97780   26837.89820
5.98324   26424.05562
5.98868   26008.17498
5.99412   25590.58290
5.99956   25171.60227
6.00500   24751.55192
6.01044   24330.74620
6.01588   23909.49465
6.02132   23488.10165
6.02676   23066.86606
6.03220   22646.08094
6.03764   22226.03324
6.04308   21807.00351
6.04852   21389.26563
6.05396   20973.08658
6.05940   20558.72621
6.06484   20146.43698
6.07028   19736.46382
6.07572   19329.04392
6.08116   18924.40657
6.08660   18522.77301
6.09204   18124.35632
6.09748   17729.36129
6.10292   17337.98433
6.10836   16950.41341
6.11380   16566.82796
6.11924   16187.39888
6.12468   15812.28846
6.13012   15441.65039
6.13556   15075.62978
6.14100   14714.36313
6.14644   14357.97841
6.15188   14006.59507
6.15732   13660.32415
6.16276   13319.26826
6.16820   12983.52178
6.17364   12653.17087
6.17908   12328.29360
6.18452   12008.96011
6.18996   11695.23266
6.19540   11387.16587
6.20084   11084.80679
6.20628   10788.19507
6.21172   10497.36317
6.21716   10212.33649
6.22260   9933.13357
6.22804   9659.76626
6.23348   9392.23993
6.23892   9130.55367
6.24436   8874.70047
6.24980   8624.66745
6.25524   8380.43606
6.26068   8141.98229
6.26612   7909.27688
6.27156   7682.28555
6.27700   7460.96923
6.28244   7245.28423
6.28788   7035.18253
6.29332   6830.61193
6.29876   6631.51632
6.30420   6437.83586
6.30964   6249.50724
6.31508   6066.46384
6.32052   5888.63601
6.32596   5715.95121
6.33140   5548.33425
6.33684   5385.70752
6.34228   5227.99114
6.34772   5075.10319
6.35316   4926.95989
6.35860   4783.47579
6.36404   4644.56396
6.36948   4510.13616
6.37492   4380.10303
6.38036   4254.37421
6.38580   4132.85859
6.39124   4015.46440
6.39668   3902.09936
6.40212   3792.67089
6.40756   3687.08618
6.41300   3585.25238
6.41844   3487.07669
6.42388   3392.46652
6.42932   3301.32960
6.43476   3213.57406
6.44020   3129.10858
6.44564   3047.84247
6.45108   2969.68579
6.45652   2894.54940
6.46196   2822.34508
6.46740   2752.98560
6.47284   2686.38479
6.47828   2622.45761
6.48372   2561.12021
6.48916   2502.29001
6.49460   2445.88573
6.50004   2391.82744
6.50548   2340.03662
6.51092   2290.43620
6.51636   2242.95057
6.52180   2197.50564
6.52724   2154.02886
6.53268   2112.44922
6.53812   2072.69732
6.54356   2034.70531
6.54900   1998.40698
6.55444   1963.73774
6.55988   1930.63458
6.56532   1899.03616
6.57076   1868.88273
6.57620   1840.11617
6.58164   1812.67997
6.58708   1786.51923
6.59252   1761.58064
6.59796   1737.81248
6.60340   1715.16459
6.60884   1693.58836
6.61428   1673.03672
6.61972   1653.46410
6.62516   1634.82642
6.63060   1617.08109
6.63604   1600.18694
6.64148   1584.10424
6.64692   1568.79463
6.65236   1554.22113
6.65780   1540.34811
6.66324   1527.14122
6.66868   1514.56741
6.67412   1502.59489
6.67956   1491.19307
6.68500   1480.33256
6.69044   1469.98515
6.69588   1460.12372
6.70132   1450.72228
6.70676   1441.75591
6.71220   1433.20071
6.71764   1425.03380
6.72308   1417.23328
6.72852   1409.77819
6.73396   1402.64848
6.73940   1395.82500
6.74484   1389.28947
6.75028   1383.02441
6.75572   1377.01316
6.76116   1371.23983
6.76660   1365.68928
6.77204   1360.34707
6.77748   1355.19948
6.78292   1350.23344
6.78836   1345.43651
6.79380   1340.79690
6.79924   1336.30337
6.80468   1331.94529
6.81012   1327.71254
6.81556   1323.59554
6.82100   1319.58521
6.82644   1315.67296
6.83188   1311.85064
6.83732   1308.11055
6.84276   1304.44541
6.84820   1300.84834
6.85364   1297.31285
6.85908   1293.83280
6.86452   1290.40244
6.86996   1287.01629
6.87540   1283.66926
6.88084   1280.35649
6.88628   1277.07347
6.89172   1273.81594
6.89716   1270.57988
6.90260   1267.36155
6.90804   1264.15744
6.91348   1260.96425
6.91892   1257.77890
6.92436   1254.59851
6.92980   1251.42040
6.93524   1248.24206
6.94068   1245.06116
6.94612   1241.87553
6.95156   1238.68314
6.95700   1235.48213
6.96244   1232.27076
6.96788   1229.04743
6.97332   1225.81066
6.97876   1222.55908
6.98420   1219.29144
6.98964   1216.00658
6.99508   1212.70346
7.00052   1209.38110
7.00596   1206.03864
7.01140   1202.67527
7.01684   1199.29029
7.02228   1195.88305
7.02772   1192.45297
7.03316   1188.99953
7.03860   1185.52229
7.04404   1182.02085
7.04948   1178.49487
7.05492   1174.94405
7.06036   1171.36814
7.06580   1167.76696
7.07124   1164.14032
7.07668   1160.48812
7.08212   1156.81027
7.08756   1153.10670
7.09300   1149.37741
7.09844   1145.62240
7.10388   1141.84171
7.10932   1138.03540
7.11476   1134.20356
7.12020   1130.34630
7.12564   1126.46374
7.13108   1122.55605
7.13652   1118.62339
7.14196   1114.66595
7.14740   1110.68393
7.15284   1106.67755
7.15828   1102.64704
7.16372   1098.59265
7.16916   1094.51463
7.17460   1090.41326
7.18004   1086.28880
7.18548   1082.14156
7.19092   1077.97183
7.19636   1073.77992
7.20180   1069.56614
7.20724   1065.33081
7.21268   1061.07426
7.21812   1056.79683
7.22356   1052.49886
7.22900   1048.18069
7.23444   1043.84267
7.23988   1039.48516
7.24532   1035.10852
7.25076   1030.71311
7.25620   1026.29930
7.26164   1021.86746
7.26708   1017.41795
7.27252   1012.95116
7.27796   1008.46747
7.28340   1003.96724
7.28884   999.45087
7.29428   994.91874
7.29972   990.37124
7.30516   985.80874
7.31060   981.23163
7.31604   976.64032
7.32148   972.03517
7.32692   967.41659
7.33236   962.78496
7.33780   958.14068
7.34324   953.48414
7.34868   948.81571
7.35412   944.13581
7.35956   939.44482
7.36500   934.74312
7.37044   930.03112
7.37588   925.30919
7.38132   920.57774
7.38676   915.83714
7.39220   911.08779
7.39764   906.33008
7.40308   901.56438
7.40852   896.79109
7.41396   892.01060
7.41940   887.22328
7.42484   882.42952
7.43028   877.62970
7.43572   872.82420
7.44116   868.01340
7.44660   863.19767
7.45204   858.37740
7.45748   853.55295
7.46292   848.72471
7.46836   843.89304
7.47380   839.05831
7.47924   834.22089
7.48468   829.38115
7.49012   824.53945
7.49556   819.69615
7.50100   814.85162
7.50644   810.00621
7.51188   805.16028
7.51732   800.31418
7.52276   795.46828
7.52820   790.62291
7.53364   785.77843
7.53908   780.93518
7.54452   776.09351
7.54996   771.25376
7.55540   766.41627
7.56084   761.58137
7.56628   756.74941
7.57172   751.92070
7.57716   747.09559
7.58260   742.27440
7.58804   737.45745
7.59348   732.64507
7.59892   727.83758
7.60436   723.03529
7.60980   718.23852
7.61524   713.44757
7.62068   708.66277
7.62612   703.88441
7.63156   699.11280
7.63700   694.34823
7.64244   689.59102
7.64788   684.84144
7.65332   680.09980
7.65876   675.36639
7.66420   670.64148
7.66964   665.92537
7.67508   661.21833
7.68052   656.52064
7.68596   651.83258
7.69140   647.15442
7.69684   642.48643
7.70228   637.82886
7.70772   633.18200
7.71316   628.54608
7.71860   623.92138
7.72404   619.30814
7.72948   614.70661
7.73492   610.11705
7.74036   605.53969
7.74580   600.97477
7.75124   596.42254
7.75668   591.88322
7.76212   587.35706
7.76756   582.84427
7.77300   578.34508
7.77844   573.85972
7.78388   569.38839
7.78932   564.93133
7.79476   560.48873
7.80020   556.06080
7.80564   551.64777
7.81108   547.24981
7.81652   542.86714
7.82196   538.49995
7.82740   534.14843
7.83284   529.81277
7.83828   525.49315
7.84372   521.18977
7.84916   516.90279
7.85460   512.63240
7.86004   508.37877
7.86548   504.14206
7.87092   499.92245
7.87636   495.72009
7.88180   491.53515
7.88724   487.36779
7.89268   483.21815
7.89812   479.08638
7.90356   474.97264
7.90900   470.87707
7.91444   466.79981
7.91988   462.74099
7.92532   458.70075
7.93076   454.67922
7.93620   450.67653
7.94164   446.69280
7.94708   442.72815
7.95252   438.78270
7.95796   434.85658
7.96340   430.94988
7.96884   427.06272
7.97428   423.19520
7.97972   419.34743
7.98516   415.51950
7.99060   411.71152
7.99604   407.92357
8.00148   404.15575
8.00692   400.40814
8.01236   396.68083
8.01780   392.97390
8.02324   389.28742
8.02868   385.62148
8.03412   381.97615
8.03956   378.35148
8.04500   374.74757
8.05044   371.16445
8.05588   367.60221
8.06132   364.06088
8.06676   360.54054
8.07220   357.04123
8.07764   353.56300
8.08308   350.10590
8.08852   346.66997
8.09396   343.25526
8.09940   339.86180
8.10484   336.48962
8.11028   333.13877
8.11572   329.80927
8.12116   326.50116
8.12660   323.21444
8.13204   319.94916
8.13748   316.70532
8.14292   313.48296
8.14836   310.28207
8.15380   307.10268
8.15924   303.94479
8.16468   300.80841
8.17012   297.69356
8.17556   294.60022
8.18100   291.52840
8.18644   288.47811
8.19188   285.44933
8.19732   282.44206
8.20276   279.45629
8.20820   276.49201
8.21364   273.54920
8.21908   270.62786
8.22452   267.72796
8.22996   264.84948
8.23540   261.99241
8.24084   259.15672
8.24628   256.34238
8.25172   253.54936
8.25716   250.77764
8.26260   248.02718
8.26804   245.29795
8.27348   242.58992
8.27892   239.90304
8.28436   237.23727
8.28980   234.59258
8.29524   231.96892
8.30068   229.36625
8.30612   226.78452
8.31156   224.22367
8.31700   221.68367
8.32244   219.16446
8.32788   216.66598
8.33332   214.18817
8.33876   211.73099
8.34420   209.29438
8.34964   206.87827
8.35508   204.48260
8.36052   202.10730
8.36596   199.75232
8.37140   197.41759
8.37684   195.10304
8.38228   192.80860
8.38772   190.53421
8.39316   188.27978
8.39860   186.04525
8.40404   183.83054
8.40948   181.63557
8.41492   179.46028
8.42036   177.30458
8.42580   175.16839
8.43124   173.05163
8.43668   170.95422
8.44212   168.87608
8.44756   166.81713
8.45300   164.77727
8.45844   162.75643
8.46388   160.75452
8.46932   158.77144
8.47476   156.80712
8.48020   154.86145
8.48564   152.93436
8.49108   151.02574
8.49652   149.13551
8.50196   147.26357
8.50740   145.40983
8.51284   143.57420
8.51828   141.75657
8.52372   139.95685
8.52916   138.17495
8.53460   136.41077
8.54004   134.66420
8.54548   132.93515
8.55092   131.22353
8.55636   129.52922
8.56180   127.85213
8.56724   126.19215
8.57268   124.54919
8.57812   122.92315
8.58356   121.31391
8.58900   119.72138
8.59444   118.14544
8.59988   116.58601
8.60532   115.04297
8.61076   113.51621
8.61620   112.00563
8.62164   110.51113
8.62708   109.03260
8.63252   107.56993
8.63796   106.12302
8.64340   104.69175
8.64884   103.27603
8.65428   101.87573
8.65972   100.49077
8.66516   99.12102
8.67060   97.76637
8.67604   96.42673
8.68148   95.10198
8.68692   93.79201
8.69236   92.49672
8.69780   91.21599
8.70324   89.94971
8.70868   88.69779
8.71412   87.46010
8.71956   86.23654
8.72500   85.02700
8.73044   83.83137
8.73588   82.64954
8.74132   81.48141
8.74676   80.32686
8.75220   79.18578
8.75764   78.05807
8.76308   76.94361
8.76852   75.84230
8.77396   74.75403
8.77940   73.67870
8.78484   72.61618
8.79028   71.56639
8.79572   70.52919
8.80116   69.50450
8.80660   68.49220
8.81204   67.49219
8.81748   66.50435
8.82292   65.52858
8.82836   64.56478
8.83380   63.61284
8.83924   62.67264
8.84468   61.74410
8.85012   60.82709
8.85556   59.92152
8.86100   59.02728
8.86644   58.14427
8.87188   57.27238
8.87732   56.41151
8.88276   55.56156
8.88820   54.72242
8.89364   53.89399
8.89908   53.07616
8.90452   52.26884
8.90996   51.47193
8.91540   50.68532
8.92084   49.90891
8.92628   49.14261
8.93172   48.38631
8.93716   47.63991
8.94260   46.90332
8.94804   46.17643
8.95348   45.45915
8.95892   44.75138
8.96436   44.05303
8.96980   43.36400
8.97524   42.68419
8.98068   42.01350
8.98612   41.35185
8.99156   40.69913
8.99700   40.05526
9.00244   39.42013
9.00788   38.79367
9.01332   38.17577
9.01876   37.56634
9.02420   36.96529
9.02964   36.37254
9.03508   35.78799
9.04052   35.21154
9.04596   34.64312
9.05140   34.08264
9.05684   33.53000
9.06228   32.98512
9.06772   32.44791
9.07316   31.91829
9.07860   31.39617
9.08404   30.88147
9.08948   30.37410
9.09492   29.87397
9.10036   29.38101
9.10580   28.89513
9.11124   28.41625
9.11668   27.94429
9.12212   27.47917
9.12756   27.02080
9.13300   26.56911
9.13844   26.12402
9.14388   25.68545
9.14932   25.25332
9.15476   24.82756
9.16020   24.40809
9.16564   23.99483
9.17108   23.58771
9.17652   23.18665
9.18196   22.79158
9.18740   22.40242
9.19284   22.01911
9.19828   21.64157
9.20372   21.26973
9.20916   20.90351
9.21460   20.54285
9.22004   20.18768
9.22548   19.83792
9.23092   19.49352
9.23636   19.15439
9.24180   18.82048
9.24724   18.49172
9.25268   18.16804
9.25812   17.84937
9.26356   17.53566
9.26900   17.22683
9.27444   16.92282
9.27988   16.62357
9.28532   16.32902
9.29076   16.03910
9.29620   15.75376
9.30164   15.47293
9.30708   15.19655
9.31252   14.92457
9.31796   14.65692
9.32340   14.39354
9.32884   14.13438
9.33428   13.87938
9.33972   13.62849
9.34516   13.38165
9.35060   13.13879
9.35604   12.89988
9.36148   12.66484
9.36692   12.43364
9.37236   12.20621
9.37780   11.98251
9.38324   11.76247
9.38868   11.54606
9.39412   11.33322
9.39956   11.12389
9.40500   10.91803
9.41044   10.71559
9.41588   10.51652
9.42132   10.32078
9.42676   10.12831
9.43220   9.93906
9.43764   9.75300
9.44308   9.57007
9.44852   9.39023
9.45396   9.21343
9.45940   9.03964
9.46484   8.86879
9.47028   8.70087
9.47572   8.53580
9.48116   8.37357
9.48660   8.21412
9.49204   8.05741
9.49748   7.90340
9.50292   7.75206
9.50836   7.60333
9.51380   7.45719
9.51924   7.31359
9.52468   7.17250
9.53012   7.03387
9.53556   6.89766
9.54100   6.76385
9.54644   6.63240
9.55188   6.50326
9.55732   6.37640
9.56276   6.25179
9.56820   6.12939
9.57364   6.00917
9.57908   5.89109
9.58452   5.77513
9.58996   5.66124
9.59540   5.54939
9.60084   5.43955
9.60628   5.33170
9.61172   5.22579
9.61716   5.12180
9.62260   5.01969
9.62804   4.91945
9.63348   4.82102
9.63892   4.72440
9.64436   4.62954
9.64980   4.53643
9.65524   4.44502
9.66068   4.35530
9.66612   4.26723
9.67156   4.18079
9.67700   4.09595
9.68244   4.01269
9.68788   3.93098
9.69332   3.85079
9.69876   3.77210
9.70420   3.69488
9.70964   3.61911
9.71508   3.54477
9.72052   3.47182
9.72596   3.40026
9.73140   3.33004
9.73684   3.26116
9.74228   3.19359
9.74772   3.12730
9.75316   3.06228
9.75860   2.99850
9.76404   2.93594
9.76948   2.87459
9.77492   2.81441
9.78036   2.75539
9.78580   2.69751
9.79124   2.64075
9.79668   2.58509
9.80212   2.53051
9.80756   2.47700
9.81300   2.42452
9.81844   2.37307
9.82388   2.32263
9.82932   2.27318
9.83476   2.22470
9.84020   2.17718
9.84564   2.13059
9.85108   2.08492
9.85652   2.04016
9.86196   1.99629
9.86740   1.95329
9.87284   1.91114
9.87828   1.86984
9.88372   1.82936
9.88916   1.78969
9.89460   1.75082
9.90004   1.71273
9.90548   1.67541
9.91092   1.63885
9.91636   1.60302
9.92180   1.56792
9.92724   1.53353
9.93268   1.49984
9.93812   1.46684
9.94356   1.43451
9.94900   1.40284
9.95444   1.37182
9.95988   1.34144
9.96532   1.31169
9.97076   1.28254
9.97620   1.25400
9.98164   1.22605
9.98708   1.19868
9.99252   1.17188
9.99796   1.14563
10.00340   1.11993
10.00884   1.09477
10.01428   1.07014
10.01972   1.04602
10.02516   1.02240
10.03060   0.99929
10.03604   0.97666
10.04148   0.95451
10.04692   0.93282
10.05236   0.91160
10.05780   0.89083
10.06324   0.87050
10.06868   0.85060
10.07412   0.83112
10.07956   0.81207
10.08500   0.79342
10.09044   0.77517
10.09588   0.75731
10.10132   0.73984
10.10676   0.72274
10.11220   0.70601
10.11764   0.68965
10.12308   0.67364
10.12852   0.65798
10.13396   0.64265
10.13940   0.62767
10.14484   0.61301
10.15028   0.59867
10.15572   0.58464
10.16116   0.57092
10.16660   0.55751
10.17204   0.54439
10.17748   0.53155
10.18292   0.51901
10.18836   0.50674
10.19380   0.49474
10.19924   0.48301
10.20468   0.47154
10.21012   0.46032
10.21556   0.44936
10.22100   0.43864
10.22644   0.42816
10.23188   0.41791
10.23732   0.40790
10.24276   0.39811
10.24820   0.38854
10.25364   0.37919
10.25908   0.37005
10.26452   0.36112
10.26996   0.35239
10.27540   0.34386
10.28084   0.33552
10.28628   0.32737
10.29172   0.31941
10.29716   0.31163
10.30260   0.30403
10.30804   0.29661
10.31348   0.28935
10.31892   0.28226
10.32436   0.27534
10.32980   0.26858
10.33524   0.26197
10.34068   0.25551
10.34612   0.24921
10.35156   0.24305
10.35700   0.23704
10.36244   0.23117
10.36788   0.22543
10.37332   0.21983
10.37876   0.21436
10.38420   0.20901
10.38964   0.20380
10.39508   0.19870
10.40052   0.19373
10.40596   0.18888
10.41140   0.18413
10.41684   0.17951
10.42228   0.17499
10.42772   0.17058
10.43316   0.16627
10.43860   0.16207
10.44404   0.15797
10.44948   0.15396
10.45492   0.15006
10.46036   0.14624
10.46580   0.14252
10.47124   0.13889
10.47668   0.13534
10.48212   0.13188
10.48756   0.12851
10.49300   0.12521
10.49844   0.12200
10.50388   0.11886
10.50932   0.11580
10.51476   0.11282
10.52020   0.10991
10.52564   0.10707
10.53108   0.10430
10.53652   0.10159
10.54196   0.09896
10.54740   0.09638
10.55284   0.09388
10.55828   0.09143
10.56372   0.08904
10.56916   0.08672
10.57460   0.08445
10.58004   0.08224
10.58548   0.08008
10.59092   0.07798
10.59636   0.07592
10.60180   0.07392
10.60724   0.07197
10.61268   0.07007
10.61812   0.06822
10.62356   0.06641
10.62900   0.06465
10.63444   0.06294
10.63988   0.06126
10.64532   0.05963
10.65076   0.05804
10.65620   0.05649
10.66164   0.05498
10.66708   0.05351
10.67252   0.05208
10.67796   0.05068
10.68340   0.04932
10.68884   0.04799
10.69428   0.04670
10.69972   0.04544
10.70516   0.04421
10.71060   0.04301
10.71604   0.04185
10.72148   0.04071
10.72692   0.03961
10.73236   0.03853
10.73780   0.03748
10.74324   0.03646
10.74868   0.03546
10.75412   0.03449
10.75956   0.03355
10.76500   0.03263
10.77044   0.03174
10.77588   0.03086
10.78132   0.03001
10.78676   0.02919
10.79220   0.02838
10.79764   0.02760
10.80308   0.02684
10.80852   0.02609
10.81396   0.02537
10.81940   0.02466
10.82484   0.02398
10.83028   0.02331
10.83572   0.02266
10.84116   0.02203
10.84660   0.02141
10.85204   0.02082
10.85748   0.02023
10.86292   0.01967
10.86836   0.01911
10.87380   0.01858
10.87924   0.01805
10.88468   0.01754
10.89012   0.01705
10.89556   0.01657
10.90100   0.01610
10.90644   0.01564
10.91188   0.01520
10.91732   0.01477
10.92276   0.01435
10.92820   0.01394
10.93364   0.01354
10.93908   0.01316
10.94452   0.01278
10.94996   0.01241
10.95540   0.01206
10.96084   0.01171
10.96628   0.01138
10.97172   0.01105
10.97716   0.01073
10.98260   0.01042
10.98804   0.01012
10.99348   0.00983
10.99892   0.00954
11.00436   0.00927
11.00980   0.00900
11.01524   0.00874
11.02068   0.00848
11.02612   0.00824
11.03156   0.00800
11.03700   0.00776
11.04244   0.00754
11.04788   0.00732
11.05332   0.00710
11.05876   0.00689
11.06420   0.00669
11.06964   0.00649
11.07508   0.00630
11.08052   0.00612
11.08596   0.00594
11.09140   0.00576
11.09684   0.00559
11.10228   0.00543
11.10772   0.00527
11.11316   0.00511
11.11860   0.00496
11.12404   0.00481
11.12948   0.00467
11.13492   0.00453
11.14036   0.00439
11.14580   0.00426
11.15124   0.00413
11.15668   0.00401
11.16212   0.00389
11.16756   0.00377
11.17300   0.00366
11.17844   0.00355
11.18388   0.00344
11.18932   0.00334
11.19476   0.00324
11.20020   0.00314
11.20564   0.00304
11.21108   0.00295
11.21652   0.00286
11.22196   0.00278
11.22740   0.00269
11.23284   0.00261
11.23828   0.00253
11.24372   0.00245
11.24916   0.00238
11.25460   0.00231
11.26004   0.00223
11.26548   0.00217
11.27092   0.00210
11.27636   0.00204
11.28180   0.00197
11.28724   0.00191
11.29268   0.00185
11.29812   0.00180
11.30356   0.00174
11.30900   0.00169
11.31444   0.00163
11.31988   0.00158
11.32532   0.00153
11.33076   0.00149
11.33620   0.00144
11.34164   0.00140
11.34708   0.00135
11.35252   0.00131
11.35796   0.00127
11.36340   0.00123
11.36884   0.00119
11.37428   0.00115
11.37972   0.00112
11.38516   0.00108
11.39060   0.00105
11.39604   0.00101
11.40148   0.00098
11.40692   0.00095
11.41236   0.00092
11.41780   0.00089
11.42324   0.00086
11.42868   0.00084
11.43412   0.00081
11.43956   0.00078
11.44500   0.00076
11.45044   0.00074
11.45588   0.00071
11.46132   0.00069
11.46676   0.00067
11.47220   0.00065
11.47764   0.00063
11.48308   0.00061
11.48852   0.00059
11.49396   0.00057
11.49940   0.00055
11.50484   0.00053
11.51028   0.00051
11.51572   0.00050
11.52116   0.00048
11.52660   0.00047
11.53204   0.00045
11.53748   0.00044
11.54292   0.00042
11.54836   0.00041
11.55380   0.00039
11.55924   0.00038
11.56468   0.00037
11.57012   0.00036
11.57556   0.00035
11.58100   0.00033
11.58644   0.00032
11.59188   0.00031
11.59732   0.00030
11.60276   0.00029
11.60820   0.00028
