2.6340000000 0.0000000000
2.6415000000 0.0000000000
2.6490000000 0.0000000000
2.6565000000 0.0000000000
2.6640000000 0.0000000000
2.6715000000 0.0000000000
2.6790000000 0.0000000000
2.6865000000 0.0000000000
2.6940000000 0.0000000000
2.7015000000 0.0000000000
2.7090000000 0.0000000000
2.7165000000 0.0000000000
2.7240000000 0.0000000000
2.7315000000 0.0000000000
2.7390000000 0.0000000000
2.7465000000 0.0000000000
2.7540000000 0.0000000000
2.7615000000 0.0000000000
2.7690000000 0.0000000000
2.7765000000 0.0000000000
2.7840000000 0.0000000000
2.7915000000 0.0000000000
2.7990000000 0.0000000000
2.8065000000 0.0000000000
2.8140000000 0.0000000000
2.8215000000 0.0000000000
2.8290000000 0.0000000000
2.8365000000 0.0000000000
2.8440000000 0.0000000000
2.8515000000 0.0000000000
2.8590000000 0.0000000000
2.8665000000 0.0000000000
2.8740000000 0.0000000000
2.8815000000 0.0000000000
2.8890000000 0.0000000000
2.8965000000 0.0000000000
2.9040000000 0.0000000000
2.9115000000 0.0000000000
2.9190000000 0.0000000000
2.9265000000 0.0000000000
2.9340000000 0.0000000000
2.9415000000 0.0000000000
2.9490000000 0.0000000000
2.9565000000 0.0000000000
2.9640000000 0.0000000000
2.9715000000 0.0000000000
2.9790000000 0.0000000000
2.9865000000 0.0000000000
2.9940000000 0.0000000000
3.0015000000 0.0000000000
3.0090000000 0.0000000000
3.0165000000 0.0000000000
3.0240000000 0.0000000000
3.0315000000 0.0000000000
3.0390000000 0.0000000000
3.0465000000 0.0000000000
3.0540000000 0.0000000000
3.0615000000 0.0000000000
3.0690000000 0.0000000000
3.0765000000 0.0000000000
3.0840000000 0.0000000000
3.0915000000 0.0000000000
3.0990000000 0.0000000000
3.1065000000 0.0000000000
3.1140000000 0.0000000000
3.1215000000 0.0000000000
3.1290000000 0.0000000000
3.1365000000 0.0000000000
3.1440000000 0.0000000000
3.1515000000 0.0000000000
3.1590000000 0.0000000000
3.1665000000 0.0000000000
3.1740000000 0.0000000000
3.1815000000 0.0000000000
3.1890000000 0.0000000000
3.1965000000 0.0000000000
3.2040000000 0.0000000000
3.2115000000 0.0000000000
3.2190000000 0.0000000000
3.2265000000 0.0000000000
3.2340000000 0.0000000000
3.2415000000 0.0000000000
3.2490000000 0.0000000000
3.2565000000 0.0000000000
3.2640000000 0.0000000000
3.2715000000 0.0000000000
3.2790000000 0.0000000000
3.2865000000 0.0000000000
3.2940000000 0.0000000000
3.3015000000 0.0000000001
3.3090000000 0.0000000001
3.3165000000 0.0000000001
3.3240000000 0.0000000001
3.3315000000 0.0000000001
3.3390000000 0.0000000002
3.3465000000 0.0000000002
3.3540000000 0.0000000002
3.3615000000 0.0000000003
3.3690000000 0.0000000004
3.3765000000 0.0000000004
3.3840000000 0.0000000006
3.3915000000 0.0000000007
3.3990000000 0.0000000008
3.4065000000 0.0000000010
3.4140000000 0.0000000013
3.4215000000 0.0000000016
3.4290000000 0.0000000019
3.4365000000 0.0000000024
3.4440000000 0.0000000029
3.4515000000 0.0000000036
3.4590000000 0.0000000044
3.4665000000 0.0000000054
3.4740000000 0.0000000066
3.4815000000 0.0000000081
3.4890000000 0.0000000099
3.4965000000 0.0000000121
3.5040000000 0.0000000147
3.5115000000 0.0000000180
3.5190000000 0.0000000220
3.5265000000 0.0000000268
3.5340000000 0.0000000326
3.5415000000 0.0000000397
3.5490000000 0.0000000483
3.5565000000 0.0000000587
3.5640000000 0.0000000712
3.5715000000 0.0000000865
3.5790000000 0.0000001049
3.5865000000 0.0000001271
3.5940000000 0.0000001540
3.6015000000 0.0000001864
3.6090000000 0.0000002254
3.6165000000 0.0000002724
3.6240000000 0.0000003290
3.6315000000 0.0000003971
3.6390000000 0.0000004790
3.6465000000 0.0000005773
3.6540000000 0.0000006952
3.6615000000 0.0000008368
3.6690000000 0.0000010064
3.6765000000 0.0000012095
3.6840000000 0.0000014526
3.6915000000 0.0000017434
3.6990000000 0.0000020909
3.7065000000 0.0000025059
3.7140000000 0.0000030012
3.7215000000 0.0000035918
3.7290000000 0.0000042957
3.7365000000 0.0000051338
3.7440000000 0.0000061312
3.7515000000 0.0000073172
3.7590000000 0.0000087265
3.7665000000 0.0000103998
3.7740000000 0.0000123854
3.7815000000 0.0000147397
3.7890000000 0.0000175291
3.7965000000 0.0000208318
3.8040000000 0.0000247394
3.8115000000 0.0000293593
3.8190000000 0.0000348174
3.8265000000 0.0000412612
3.8340000000 0.0000488632
3.8415000000 0.0000578251
3.8490000000 0.0000683827
3.8565000000 0.0000808109
3.8640000000 0.0000954309
3.8715000000 0.0001126166
3.8790000000 0.0001328038
3.8865000000 0.0001564996
3.8940000000 0.0001842937
3.9015000000 0.0002168715
3.9090000000 0.0002550287
3.9165000000 0.0002996887
3.9240000000 0.0003519219
3.9315000000 0.0004129684
3.9390000000 0.0004842638
3.9465000000 0.0005674686
3.9540000000 0.0006645021
3.9615000000 0.0007775807
3.9690000000 0.0009092624
3.9765000000 0.0010624969
3.9840000000 0.0012406827
3.9915000000 0.0014477329
3.9990000000 0.0016881491
4.0065000000 0.0019671062
4.0140000000 0.0022905484
4.0215000000 0.0026652979
4.0290000000 0.0030991793
4.0365000000 0.0036011589
4.0440000000 0.0041815040
4.0515000000 0.0048519621
4.0590000000 0.0056259637
4.0665000000 0.0065188516
4.0740000000 0.0075481395
4.0815000000 0.0087338028
4.0890000000 0.0100986076
4.0965000000 0.0116684792
4.1040000000 0.0134729179
4.1115000000 0.0155454651
4.1190000000 0.0179242266
4.1265000000 0.0206524594
4.1340000000 0.0237792295
4.1415000000 0.0273601472
4.1490000000 0.0314581898
4.1565000000 0.0361446211
4.1640000000 0.0415000170
4.1715000000 0.0476154093
4.1790000000 0.0545935606
4.1865000000 0.0625503822
4.1940000000 0.0716165122
4.2015000000 0.0819390673
4.2090000000 0.0936835882
4.2165000000 0.1070361966
4.2240000000 0.1222059841
4.2315000000 0.1394276567
4.2390000000 0.1589644591
4.2465000000 0.1811114041
4.2540000000 0.2061988370
4.2615000000 0.2345963651
4.2690000000 0.2667171855
4.2765000000 0.3030228472
4.2840000000 0.3440284858
4.2915000000 0.3903085708
4.2990000000 0.4425032118
4.3065000000 0.5013250688
4.3140000000 0.5675669169
4.3215000000 0.6421099206
4.3290000000 0.7259326728
4.3365000000 0.8201210603
4.3440000000 0.9258790195
4.3515000000 1.0445402501
4.3590000000 1.1775809591
4.3665000000 1.3266337106
4.3740000000 1.4935024602
4.3815000000 1.6801788589
4.3890000000 1.8888599132
4.3965000000 2.1219670931
4.4040000000 2.3821669836
4.4115000000 2.6723935789
4.4190000000 2.9958723220
4.4265000000 3.3561459968
4.4340000000 3.7571025823
4.4415000000 4.2030051819
4.4490000000 4.6985241441
4.4565000000 5.2487714922
4.4640000000 5.8593377844
4.4715000000 6.5363315252
4.4790000000 7.2864212524
4.4865000000 8.1168804223
4.4940000000 9.0356352169
4.5015000000 10.0513153951
4.5090000000 11.1733083093
4.5165000000 12.4118162035
4.5240000000 13.7779169091
4.5315000000 15.2836280455
4.5390000000 16.9419748301
4.5465000000 18.7670615932
4.5540000000 20.7741470844
4.5615000000 22.9797236479
4.5690000000 25.4016003326
4.5765000000 28.0589899878
4.5840000000 30.9726003820
4.5915000000 34.1647293653
4.5990000000 37.6593640748
4.6065000000 41.4822841661
4.6140000000 45.6611690256
4.6215000000 50.2257088986
4.6290000000 55.2077198374
4.6365000000 60.6412623462
4.6440000000 66.5627635685
4.6515000000 73.0111428264
4.6590000000 80.0279402896
4.6665000000 87.6574485088
4.6740000000 95.9468465123
4.6815000000 104.9463361196
4.6890000000 114.7092800821
4.6965000000 125.2923416142
4.7040000000 136.7556248317
4.7115000000 149.1628155612
4.7190000000 162.5813219366
4.7265000000 177.0824141428
4.7340000000 192.7413626156
4.7415000000 209.6375739508
4.7490000000 227.8547237210
4.7565000000 247.4808853425
4.7640000000 268.6086540813
4.7715000000 291.3352652308
4.7790000000 315.7627054419
4.7865000000 341.9978161316
4.7940000000 370.1523878486
4.8015000000 400.3432444230
4.8090000000 432.6923156855
4.8165000000 467.3266974959
4.8240000000 504.3786977854
4.8315000000 543.9858672811
4.8390000000 586.2910135559
4.8465000000 631.4421970202
4.8540000000 679.5927074571
4.8615000000 730.9010196948
4.8690000000 785.5307270032
4.8765000000 843.6504508115
4.8840000000 905.4337253553
4.8915000000 971.0588558869
4.8990000000 1040.7087491145
4.9065000000 1114.5707145798
4.9140000000 1192.8362357386
4.9215000000 1275.7007095727
4.9290000000 1363.3631536382
4.9365000000 1456.0258795467
4.9440000000 1553.8941319716
4.9515000000 1657.1756923894
4.9590000000 1766.0804468875
4.9665000000 1880.8199175099
4.9740000000 2001.6067567601
4.9815000000 2128.6542050446
4.9890000000 2262.1755110126
4.9965000000 2402.3833149335
5.0040000000 2549.4889954502
5.0115000000 2703.7019802543
5.0190000000 2865.2290214440
5.0265000000 3034.2734365527
5.0340000000 3211.0343164699
5.0415000000 3395.7057017181
5.0490000000 3588.4757287924
5.0565000000 3789.5257485268
5.0640000000 3999.0294187000
5.0715000000 4217.1517733552
5.0790000000 4444.0482715610
5.0865000000 4679.8638285998
5.0940000000 4924.7318328184
5.1015000000 5178.7731516267
5.1090000000 5442.0951303686
5.1165000000 5714.7905880206
5.1240000000 5996.9368138970
5.1315000000 6288.5945697469
5.1390000000 6589.8071018219
5.1465000000 6900.5991676725
5.1540000000 7220.9760825861
5.1615000000 7550.9227907201
5.1690000000 7890.4029660980
5.1765000000 8239.3581487253
5.1840000000 8597.7069211501
5.1915000000 8965.3441308285
5.1990000000 9342.1401636617
5.2065000000 9727.9402740532
5.2140000000 10122.5639767761
5.2215000000 10525.8045058560
5.2290000000 10937.4283455546
5.2365000000 11357.1748383841
5.2440000000 11784.7558748930
5.2515000000 12219.8556697415
5.2590000000 12662.1306283260
5.2665000000 13111.2093079187
5.2740000000 13566.6924769632
5.2815000000 14028.1532758075
5.2890000000 14495.1374817651
5.2965000000 14967.1638809728
5.3040000000 15443.7247490664
5.3115000000 15924.2864422143
5.3190000000 16408.2900995547
5.3265000000 16895.1524575503
5.3340000000 17384.2667762389
5.3415000000 17875.0038767933
5.3490000000 18366.7132892349
5.3565000000 18858.7245085573
5.3640000000 19350.3483569300
5.3715000000 19840.8784490563
5.3790000000 20329.5927571668
5.3865000000 20815.7552715412
5.3940000000 21298.6177518696
5.4015000000 21777.4215641975
5.4090000000 22251.3995976432
5.4165000000 22719.7782545476
5.4240000000 23181.7795072022
5.4315000000 23636.6230138265
5.4390000000 24083.5282860096
5.4465000000 24521.7168994205
5.4540000000 24950.4147392129
5.4615000000 25368.8542712143
5.4690000000 25776.2768297004
5.4765000000 26171.9349123094
5.4840000000 26555.0944724574
5.4915000000 26925.0371994739
5.4990000000 27281.0627765836
5.5065000000 27622.4911068293
5.5140000000 27948.6644970474
5.5215000000 28258.9497900866
5.5290000000 28552.7404355937
5.5365000000 28829.4584898774
5.5440000000 29088.5565356112
5.5515000000 29329.5195124322
5.5590000000 29551.8664498499
5.5665000000 29755.1520942858
5.5740000000 29938.9684225165
5.5815000000 30102.9460343011
5.5890000000 30246.7554175178
5.5965000000 30370.1080797251
5.6040000000 30472.7575406904
5.6115000000 30554.5001810861
5.6190000000 30615.1759432500
5.6265000000 30654.6688806168
5.6340000000 30672.9075531695
5.6415000000 30669.8652670137
5.6490000000 30645.5601569400
5.6565000000 30600.0551116199
5.6640000000 30533.4575418478
5.6715000000 30445.9189930226
5.6790000000 30337.6346038199
5.6865000000 30208.8424137647
5.6940000000 30059.8225231435
5.7015000000 29890.8961094145
5.7090000000 29702.4243049547
5.7165000000 29494.8069416461
5.7240000000 29268.4811684193
5.7315000000 29023.9199484596
5.7390000000 28761.6304433228
5.7465000000 28482.1522917026
5.7540000000 28186.0557910446
5.7615000000 27873.9399905962
5.7690000000 27546.4307048353
5.7765000000 27204.1784565088
5.7840000000 26847.8563587520
5.7915000000 26478.1579459449
5.7990000000 26095.7949630825
5.8065000000 25701.4951235103
5.8140000000 25295.9998448872
5.8215000000 24880.0619731953
5.8290000000 24454.4435045209
5.8365000000 24019.9133141814
5.8440000000 23577.2449025706
5.8515000000 23127.2141668475
5.8590000000 22670.5972072943
5.8665000000 22208.1681768341
5.8740000000 21740.6971818116
5.8815000000 21268.9482417278
5.8890000000 20793.6773151610
5.8965000000 20315.6303986285
5.9040000000 19835.5417046275
5.9115000000 19354.1319245636
5.9190000000 18872.1065817218
5.9265000000 18390.1544788643
5.9340000000 17908.9462444631
5.9415000000 17429.1329809846
5.9490000000 16951.3450180573
5.9565000000 16476.1907727567
5.9640000000 16004.2557186629
5.9715000000 15536.1014647590
5.9790000000 15072.2649446781
5.9865000000 14613.2577162460
5.9940000000 14159.5653707349
6.0015000000 13711.6470507240
6.0090000000 13269.9350749699
6.0165000000 12834.8346682198
6.0240000000 12406.7237934602
6.0315000000 11985.9530836802
6.0390000000 11572.8458698450
6.0465000000 11167.6983014274
6.0540000000 10770.7795555259
6.0615000000 10382.3321303160
6.0690000000 10002.5722183302
6.0765000000 9631.6901548505
6.0840000000 9269.8509365142
6.0915000000 8917.1948050907
6.0990000000 8573.8378912747
6.1065000000 8239.8729132619
6.1140000000 7915.3699248294
6.1215000000 7600.3771076272
6.1290000000 7294.9216024030
6.1365000000 6999.0103739273
6.1440000000 6712.6311044579
6.1515000000 6435.7531106781
6.1590000000 6168.3282791676
6.1665000000 5910.2920156034
6.1740000000 5661.5642030562
6.1815000000 5422.0501649250
6.1890000000 5191.6416282520
6.1965000000 4970.2176833718
6.2040000000 4757.6457360716
6.2115000000 4553.7824486733
6.2190000000 4358.4746666909
6.2265000000 4171.5603279652
6.2340000000 3992.8693514298
6.2415000000 3822.2245029180
6.2490000000 3659.4422356784
6.2565000000 3504.3335035195
6.2640000000 3356.7045447597
6.2715000000 3216.3576354080
6.2790000000 3083.0918102444
6.2865000000 2956.7035507085
6.2940000000 2836.9874387361
6.3015000000 2723.7367759037
6.3090000000 2616.7441674572
6.3165000000 2515.8020710028
6.3240000000 2420.7033098289
6.3315000000 2331.2415510120
6.3390000000 2247.2117486273
6.3465000000 2168.4105525402
6.3540000000 2094.6366834039
6.3615000000 2025.6912746167
6.3690000000 1961.3781821149
6.3765000000 1901.5042629831
6.3840000000 1845.8796239603
6.3915000000 1794.3178410011
6.3990000000 1746.6361511238
6.4065000000 1702.6556178358
6.4140000000 1662.2012714732
6.4215000000 1625.1022258328
6.4290000000 1591.1917724955
6.4365000000 1560.3074542635
6.4440000000 1532.2911191354
6.4515000000 1506.9889562469
6.4590000000 1484.2515151919
6.4665000000 1463.9337101245
6.4740000000 1445.8948100169
6.4815000000 1429.9984164170
6.4890000000 1416.1124300170
6.4965000000 1404.1090072974
6.5040000000 1393.8645084701
6.5115000000 1385.2594378905
6.5190000000 1378.1783780561
6.5265000000 1372.5099182538
6.5340000000 1368.1465788571
6.5415000000 1364.9847322141
6.5490000000 1362.9245210069
6.5565000000 1361.8697748960
6.5640000000 1361.7279262032
6.5715000000 1362.4099253201
6.5790000000 1363.8301564667
6.5865000000 1365.9063543612
6.5940000000 1368.5595222996
6.6015000000 1371.7138520841
6.6090000000 1375.2966461775
6.6165000000 1379.2382424055
6.6240000000 1383.4719414726
6.6315000000 1387.9339375010
6.6390000000 1392.5632517563
6.6465000000 1397.3016696694
6.6540000000 1402.0936812210
6.6615000000 1406.8864247124
6.6690000000 1411.6296339035
6.6765000000 1416.2755884634
6.6840000000 1420.7790676429
6.6915000000 1425.0973070486
6.6990000000 1429.1899583669
6.7065000000 1433.0190518630
6.7140000000 1436.5489614573
6.7215000000 1439.7463721587
6.7290000000 1442.5802496227
6.7365000000 1445.0218115839
6.7440000000 1447.0445009028
6.7515000000 1448.6239599604
6.7590000000 1449.7380061243
6.7665000000 1450.3666080102
6.7740000000 1450.4918622607
6.7815000000 1450.0979705631
6.7890000000 1449.1712166360
6.7965000000 1447.6999429137
6.8040000000 1445.6745266722
6.8115000000 1443.0873553438
6.8190000000 1439.9328007829
6.8265000000 1436.2071922561
6.8340000000 1431.9087879440
6.8415000000 1427.0377447579
6.8490000000 1421.5960862910
6.8565000000 1415.5876687394
6.8640000000 1409.0181446498
6.8715000000 1401.8949243653
6.8790000000 1394.2271350636
6.8865000000 1386.0255772990
6.8940000000 1377.3026789814
6.9015000000 1368.0724467440
6.9090000000 1358.3504146718
6.9165000000 1348.1535903835
6.9240000000 1337.5003984778
6.9315000000 1326.4106213746
6.9390000000 1314.9053376000
6.9465000000 1303.0068575829
6.9540000000 1290.7386570464
6.9615000000 1278.1253080958
6.9690000000 1265.1924081179
6.9765000000 1251.9665066247
6.9840000000 1238.4750301836
6.9915000000 1224.7462055934
6.9990000000 1210.8089814723
7.0065000000 1196.6929484392
7.0140000000 1182.4282580740
7.0215000000 1168.0455408539
7.0290000000 1153.5758232683
7.0365000000 1139.0504443196
7.0440000000 1124.5009716235
7.0515000000 1109.9591173237
7.0590000000 1095.4566540379
7.0665000000 1081.0253310550
7.0740000000 1066.6967910010
7.0815000000 1052.5024871895
7.0890000000 1038.4736018733
7.0965000000 1024.6409656067
7.1040000000 1011.0349779267
7.1115000000 997.6855295546
7.1190000000 984.6219263150
7.1265000000 971.8728149618
7.1340000000 959.4661110940
7.1415000000 947.4289293367
7.1490000000 935.7875159548
7.1565000000 924.5671840567
7.1640000000 913.7922515387
7.1715000000 903.4859819105
7.1790000000 893.6705281320
7.1865000000 884.3668795834
7.1940000000 875.5948122807
7.2015000000 867.3728424381
7.2090000000 859.7181834705
7.2165000000 852.6467065185
7.2240000000 846.1729045693
7.2315000000 840.3098602396
7.2390000000 835.0692172719
7.2465000000 830.4611557949
7.2540000000 826.4943713825
7.2615000000 823.1760579413
7.2690000000 820.5118944500
7.2765000000 818.5060355602
7.2840000000 817.1611060691
7.2915000000 816.4781992586
7.2990000000 816.4568790957
7.3065000000 817.0951862773
7.3140000000 818.3896480995
7.3215000000 820.3352921221
7.3290000000 822.9256635961
7.3365000000 826.1528466145
7.3440000000 830.0074889395
7.3515000000 834.4788304580
7.3590000000 839.5547352064
7.3665000000 845.2217269044
7.3740000000 851.4650279298
7.3815000000 858.2686016612
7.3890000000 865.6151981112
7.3965000000 873.4864027644
7.4040000000 881.8626885319
7.4115000000 890.7234707258
7.4190000000 900.0471649524
7.4265000000 909.8112478153
7.4340000000 919.9923203160
7.4415000000 930.5661738294
7.4490000000 941.5078585272
7.4565000000 952.7917541155
7.4640000000 964.3916427447
7.4715000000 976.2807839414
7.4790000000 988.4319914095
7.4865000000 1000.8177115331
7.4940000000 1013.4101034126
7.5015000000 1026.1811202539
7.5090000000 1039.1025919244
7.5165000000 1052.1463084822
7.5240000000 1065.2841044751
7.5315000000 1078.4879438034
7.5390000000 1091.7300049274
7.5465000000 1104.9827661983
7.5540000000 1118.2190910830
7.5615000000 1131.4123130459
7.5690000000 1144.5363198487
7.5765000000 1157.5656370194
7.5840000000 1170.4755102416
7.5915000000 1183.2419864092
7.5990000000 1195.8419930883
7.6065000000 1208.2534161283
7.6140000000 1220.4551751593
7.6215000000 1232.4272967163
7.6290000000 1244.1509847302
7.6365000000 1255.6086881243
7.6440000000 1266.7841652648
7.6515000000 1277.6625450100
7.6590000000 1288.2303841145
7.6665000000 1298.4757207474
7.6740000000 1308.3881238929
7.6815000000 1317.9587384110
7.6890000000 1327.1803255440
7.6965000000 1336.0472986694
7.7040000000 1344.5557541096
7.7115000000 1352.7034968242
7.7190000000 1360.4900608255
7.7265000000 1367.9167241741
7.7340000000 1374.9865184285
7.7415000000 1381.7042324414
7.7490000000 1388.0764104144
7.7565000000 1394.1113441433
7.7640000000 1399.8190594061
7.7715000000 1405.2112964693
7.7790000000 1410.3014847083
7.7865000000 1415.1047113624
7.7940000000 1419.6376844657
7.8015000000 1423.9186900211
7.8090000000 1427.9675435069
7.8165000000 1431.8055358281
7.8240000000 1435.4553738502
7.8315000000 1438.9411156754
7.8390000000 1442.2881008430
7.8465000000 1445.5228756612
7.8540000000 1448.6731138961
7.8615000000 1451.7675330675
7.8690000000 1454.8358066211
7.8765000000 1457.9084722641
7.8840000000 1461.0168367738
7.8915000000 1464.1928776022
7.8990000000 1467.4691416182
7.9065000000 1470.8786413439
7.9140000000 1474.4547490540
7.9215000000 1478.2310891208
7.9290000000 1482.2414289959
7.9365000000 1486.5195692332
7.9440000000 1491.0992329594
7.9515000000 1496.0139552099
7.9590000000 1501.2969725490
7.9665000000 1506.9811133962
7.9740000000 1513.0986894849
7.9815000000 1519.6813888735
7.9890000000 1526.7601709323
7.9965000000 1534.3651637236
8.0040000000 1542.5255641858
8.0115000000 1551.2695415275
8.0190000000 1560.6241442298
8.0265000000 1570.6152110421
8.0340000000 1581.2672863494
8.0415000000 1592.6035402741
8.0490000000 1604.6456938628
8.0565000000 1617.4139496932
8.0640000000 1630.9269282215
8.0715000000 1645.2016101712
8.0790000000 1660.2532852498
8.0865000000 1676.0955074572
8.0940000000 1692.7400572339
8.1015000000 1710.1969106731
8.1090000000 1728.4742160024
8.1165000000 1747.5782775174
8.1240000000 1767.5135471294
8.1315000000 1788.2826236635
8.1390000000 1809.8862600238
8.1465000000 1832.3233783159
8.1540000000 1855.5910929963
8.1615000000 1879.6847420895
8.1690000000 1904.5979264959
8.1765000000 1930.3225573811
8.1840000000 1956.8489116202
8.1915000000 1984.1656952403
8.1990000000 2012.2601147811
8.2065000000 2041.1179564701
8.2140000000 2070.7236730802
8.2215000000 2101.0604783157
8.2290000000 2132.1104485447
8.2365000000 2163.8546316710
8.2440000000 2196.2731629147
8.2515000000 2229.3453872430
8.2590000000 2263.0499881673
8.2665000000 2297.3651225998
8.2740000000 2332.2685614322
8.2815000000 2367.7378354798
8.2890000000 2403.7503864021
8.2965000000 2440.2837221918
8.3040000000 2477.3155767941
8.3115000000 2514.8240733955
8.3190000000 2552.7878908966
8.3265000000 2591.1864330571
8.3340000000 2629.9999997795
8.3415000000 2669.2099599714
8.3490000000 2708.7989254068
8.3565000000 2748.7509249802
8.3640000000 2789.0515787308
8.3715000000 2829.6882709867
8.3790000000 2870.6503219670
8.3865000000 2911.9291571545
8.3940000000 2953.5184737385
8.4015000000 2995.4144034100
8.4090000000 3037.6156707789
8.4165000000 3080.1237466682
8.4240000000 3122.9429955325
8.4315000000 3166.0808162394
8.4390000000 3209.5477754453
8.4465000000 3253.3577327965
8.4540000000 3297.5279571843
8.4615000000 3342.0792332858
8.4690000000 3387.0359576276
8.4765000000 3432.4262234197
8.4840000000 3478.2818934163
8.4915000000 3524.6386600795
8.4990000000 3571.5360923377
8.5065000000 3619.0176682577
8.5140000000 3667.1307929718
8.5215000000 3715.9268012369
8.5290000000 3765.4609440359
8.5365000000 3815.7923586681
8.5440000000 3866.9840218251
8.5515000000 3919.1026851889
8.5590000000 3972.2187931458
8.5665000000 4026.4063822635
8.5740000000 4081.7429622360
8.5815000000 4138.3093780698
8.5890000000 4196.1896533452
8.5965000000 4255.4708144637
8.6040000000 4316.2426958604
8.6115000000 4378.5977262438
8.6190000000 4442.6306959994
8.6265000000 4508.4385059796
8.6340000000 4576.1198979883
8.6415000000 4645.7751673514
8.6490000000 4717.5058580569
8.6565000000 4791.4144410362
8.6640000000 4867.6039762497
8.6715000000 4946.1777593291
8.6790000000 5027.2389536219
8.6865000000 5110.8902085732
8.6940000000 5197.2332654678
8.7015000000 5286.3685516468
8.7090000000 5378.3947643959
8.7165000000 5473.4084457877
8.7240000000 5571.5035498402
8.7315000000 5672.7710034317
8.7390000000 5777.2982624842
8.7465000000 5885.1688649961
8.7540000000 5996.4619825698
8.7615000000 6111.2519721368
8.7690000000 6229.6079296340
8.7765000000 6351.5932474341
8.7840000000 6477.2651773669
8.7915000000 6606.6744012055
8.7990000000 6739.8646105099
8.8065000000 6876.8720977411
8.8140000000 7017.7253605632
8.8215000000 7162.4447212527
8.8290000000 7311.0419631219
8.8365000000 7463.5199858468
8.8440000000 7619.8724815609
8.8515000000 7780.0836335377
8.8590000000 7944.1278392408
8.8665000000 8111.9694594614
8.8740000000 8283.5625951981
8.8815000000 8458.8508938607
8.8890000000 8637.7673862911
8.8965000000 8820.2343560060
8.9040000000 9006.1632419594
8.9115000000 9195.4545760147
8.9190000000 9387.9979561953
8.9265000000 9583.6720566565
8.9340000000 9782.3446751870
8.9415000000 9983.8728189046
8.9490000000 10188.1028286662
8.9565000000 10394.8705425559
8.9640000000 10604.0014986550
8.9715000000 10815.3111771372
8.9790000000 11028.6052815627
8.9865000000 11243.6800590731
8.9940000000 11460.3226590196
9.0015000000 11678.3115293784
9.0090000000 11897.4168501366
9.0165000000 12117.4010026527
9.0240000000 12338.0190738260
9.0315000000 12559.0193937348
9.0390000000 12780.1441052369
9.0465000000 13001.1297638605
9.0540000000 13221.7079661525
9.0615000000 13441.6060045008
9.0690000000 13660.5475462961
9.0765000000 13878.2533351618
9.0840000000 14094.4419118488
9.0915000000 14308.8303522708
9.0990000000 14521.1350200426
9.1065000000 14731.0723307875
9.1140000000 14938.3595253861
9.1215000000 15142.7154492672
9.1290000000 15343.8613347756
9.1365000000 15541.5215836042
9.1440000000 15735.4245462406
9.1515000000 15925.3032953590
9.1590000000 16110.8963900839
9.1665000000 16291.9486280576
9.1740000000 16468.2117822741
9.1815000000 16639.4453196773
9.1890000000 16805.4170985824
9.1965000000 16965.9040420467
9.2040000000 17120.6927844076
9.2115000000 17269.5802883034
9.2190000000 17412.3744296124
9.2265000000 17548.8945478757
9.2340000000 17678.9719599141
9.2415000000 17802.4504345077
9.2490000000 17919.1866261753
9.2565000000 18029.0504662752
9.2640000000 18131.9255098389
9.2715000000 18227.7092367515
9.2790000000 18316.3133061037
9.2865000000 18397.6637627563
9.2940000000 18471.7011953845
9.3015000000 18538.3808454953
9.3090000000 18597.6726671452
9.3165000000 18649.5613373198
9.3240000000 18694.0462171721
9.3315000000 18731.1412645518
9.3390000000 18760.8748984900
9.3465000000 18783.2898165351
9.3540000000 18798.4427660583
9.3615000000 18806.4042708685
9.3690000000 18807.2583146858
9.3765000000 18801.1019832269
9.3840000000 18788.0450668464
9.3915000000 18768.2096258601
9.3990000000 18741.7295208463
9.4065000000 18708.7499103726
9.4140000000 18669.4267187400
9.4215000000 18623.9260764581
9.4290000000 18572.4237362763
9.4365000000 18515.1044676852
9.4440000000 18452.1614328785
9.4515000000 18383.7955472209
9.4590000000 18310.2148273042
9.4665000000 18231.6337296952
9.4740000000 18148.2724834770
9.4815000000 18060.3564196675
9.4890000000 17968.1153005634
9.4965000000 17871.7826520002
9.5040000000 17771.5951014488
9.5115000000 17667.7917247761
9.5190000000 17560.6134043932
9.5265000000 17450.3022013902
9.5340000000 17337.1007441198
9.5415000000 17221.2516355411
9.5490000000 17102.9968814709
9.5565000000 16982.5773417150
9.5640000000 16860.2322058643
9.5715000000 16736.1984953491
9.5790000000 16610.7105931413
9.5865000000 16483.9998022859
9.5940000000 16356.2939342338
9.6015000000 16227.8169277293
9.6090000000 16098.7884987923
9.6165000000 15969.4238221188
9.6240000000 15839.9332440080
9.6315000000 15710.5220267153
9.6390000000 15581.3901239243
9.6465000000 15452.7319868323
9.6540000000 15324.7364001523
9.6615000000 15197.5863471525
9.6690000000 15071.4589026844
9.6765000000 14946.5251529892
9.6840000000 14822.9501409275
9.6915000000 14700.8928351424
9.6990000000 14580.5061215514
9.7065000000 14461.9368154572
9.7140000000 14345.3256924819
9.7215000000 14230.8075364621
9.7290000000 14118.5112023864
9.7365000000 14008.5596924250
9.7440000000 13901.0702430819
9.7515000000 13796.1544215000
9.7590000000 13693.9182289681
9.7665000000 13594.4622097108
9.7740000000 13497.8815630952
9.7815000000 13404.2662574516
9.7890000000 13313.7011437908
9.7965000000 13226.2660677942
9.8040000000 13142.0359785613
9.8115000000 13061.0810327256
9.8190000000 12983.4666926767
9.8265000000 12909.2538177746
9.8340000000 12838.4987475909
9.8415000000 12771.2533763718
9.8490000000 12707.5652180814
9.8565000000 12647.4774615547
9.8640000000 12591.0290154599
9.8715000000 12538.2545429428
9.8790000000 12489.1844860014
9.8865000000 12443.8450798067
9.8940000000 12402.2583573553
9.9015000000 12364.4421450034
9.9090000000 12330.4100495851
9.9165000000 12300.1714379708
9.9240000000 12273.7314100594
9.9315000000 12251.0907663270
9.9390000000 12232.2459711765
9.9465000000 12217.1891134334
9.9540000000 12205.9078654300
9.9615000000 12198.3854421948
9.9690000000 12194.6005623294
9.9765000000 12194.5274121996
9.9840000000 12198.1356151009
9.9915000000 12205.3902070717
9.9990000000 12216.2516210252
10.0065000000 12230.6756808522
10.0140000000 12248.6136071113
10.0215000000 12270.0120358709
10.0290000000 12294.8130521970
10.0365000000 12322.9542396996
10.0440000000 12354.3687474482
10.0515000000 12388.9853754554
10.0590000000 12426.7286797989
10.0665000000 12467.5190983134
10.0740000000 12511.2730976333
10.0815000000 12557.9033422033
10.0890000000 12607.3188857068
10.0965000000 12659.4253851828
10.1040000000 12714.1253379154
10.1115000000 12771.3183409959
10.1190000000 12830.9013732600
10.1265000000 12892.7690991130
10.1340000000 12956.8141935577
10.1415000000 13022.9276875506
10.1490000000 13090.9993326196
10.1565000000 13160.9179834920
10.1640000000 13232.5719973019
10.1715000000 13305.8496477747
10.1790000000 13380.6395526222
10.1865000000 13456.8311122311
10.1940000000 13534.3149575828
10.2015000000 13612.9834052172
10.2090000000 13692.7309169369
10.2165000000 13773.4545618458
10.2240000000 13855.0544782353
10.2315000000 13937.4343327599
10.2390000000 14020.5017742935
10.2465000000 14104.1688798231
10.2540000000 14188.3525897234
10.2615000000 14272.9751297514
10.2690000000 14357.9644171280
10.2765000000 14443.2544481046
10.2840000000 14528.7856644732
10.2915000000 14614.5052965501
10.2990000000 14700.3676802547
10.3065000000 14786.3345460114
10.3140000000 14872.3752773268
10.3215000000 14958.4671370317
10.3290000000 15044.5954593297
10.3365000000 15130.7538059613
10.3440000000 15216.9440849669
10.3515000000 15303.1766307237
10.3590000000 15389.4702441263
10.3665000000 15475.8521919900
10.3740000000 15562.3581649648
10.3815000000 15649.0321934719
10.3890000000 15735.9265213901
10.3965000000 15823.1014374511
10.4040000000 15910.6250645233
10.4115000000 15998.5731071929
10.4190000000 16087.0285582721
10.4265000000 16176.0813650865
10.4340000000 16265.8280566083
10.4415000000 16356.3713327122
10.4490000000 16447.8196170333
10.4565000000 16540.2865751002
10.4640000000 16633.8905996011
10.4715000000 16728.7542648140
10.4790000000 16825.0037523953
10.4865000000 16922.7682508699
10.4940000000 17022.1793313030
10.5015000000 17123.3703017561
10.5090000000 17226.4755432383
10.5165000000 17331.6298299587
10.5240000000 17438.9676367601
10.5315000000 17548.6224366824
10.5390000000 17660.7259916474
10.5465000000 17775.4076392901
10.5540000000 17892.7935789789
10.5615000000 18013.0061600661
10.5690000000 18136.1631753989
10.5765000000 18262.3771630919
10.5840000000 18391.7547195193
10.5915000000 18524.3958264293
10.5990000000 18660.3931950170
10.6065000000 18799.8316297069
10.6140000000 18942.7874143070
10.6215000000 19089.3277230936
10.6290000000 19239.5100592688
10.6365000000 19393.3817231175
10.6440000000 19550.9793120521
10.6515000000 19712.3282546049
10.6590000000 19877.4423802745
10.6665000000 20046.3235269926
10.6740000000 20218.9611878154
10.6815000000 20395.3321982913
10.6890000000 20575.4004657940
10.6965000000 20759.1167419466
10.7040000000 20946.4184390993
10.7115000000 21137.2294916581
10.7190000000 21331.4602628960
10.7265000000 21529.0074977173
10.7340000000 21729.7543216788
10.7415000000 21933.5702864152
10.7490000000 22140.3114614543
10.7565000000 22349.8205722548
10.7640000000 22561.9271841458
10.7715000000 22776.4479316991
10.7790000000 22993.1867929210
10.7865000000 23211.9354075094
10.7940000000 23432.4734382870
10.8015000000 23654.5689747883
10.8090000000 23877.9789778523
10.8165000000 24102.4497639520
10.8240000000 24327.7175278712
10.8315000000 24553.5089022306
10.8390000000 24779.5415522555
10.8465000000 25005.5248040756
10.8540000000 25231.1603047500
10.8615000000 25456.1427121178
10.8690000000 25680.1604124873
10.8765000000 25902.8962640924
10.8840000000 26124.0283641702
10.8915000000 26343.2308374365
10.8990000000 26560.1746436716
10.9065000000 26774.5284020629
10.9140000000 26985.9592298949
10.9215000000 27194.1335931222
10.9290000000 27398.7181663137
10.9365000000 27599.3806994159
10.9440000000 27795.7908887419
10.9515000000 27987.6212495659
10.9590000000 28174.5479876734
10.9665000000 28356.2518672003
10.9740000000 28532.4190720802
10.9815000000 28702.7420584115
10.9890000000 28866.9203950571
10.9965000000 29024.6615897953
11.0040000000 29175.6818983562
11.0115000000 29319.7071136985
11.0190000000 29456.4733329123
11.0265000000 29585.7276991703
11.0340000000 29707.2291161980
11.0415000000 29820.7489327855
11.0490000000 29926.0715949306
11.0565000000 30022.9952632726
11.0640000000 30111.3323935592
11.0715000000 30190.9102779811
11.0790000000 30261.5715453076
11.0865000000 30323.1746178672
11.0940000000 30375.5941235358
11.1015000000 30418.7212610245
11.1090000000 30452.4641168954
11.1165000000 30476.7479328802
11.1240000000 30491.5153222320
11.1315000000 30496.7264340035
11.1390000000 30492.3590643158
11.1465000000 30478.4087138604
11.1540000000 30454.8885910631
11.1615000000 30421.8295605288
11.1690000000 30379.2800365853
11.1765000000 30327.3058219434
11.1840000000 30265.9898917001
11.1915000000 30195.4321231180
11.1990000000 30115.7489718279
11.2065000000 30027.0730953124
11.2140000000 29929.5529247435
11.2215000000 29823.3521864591
11.2290000000 29708.6493745735
11.2365000000 29585.6371764254
11.2440000000 29454.5218527724
11.2515000000 29315.5225748371
11.2590000000 29168.8707205048
11.2665000000 29014.8091321581
11.2740000000 28853.5913388102
11.2815000000 28685.4807453648
11.2890000000 28510.7497919919
11.2965000000 28329.6790867480
11.3040000000 28142.5565147080
11.3115000000 27949.6763269904
11.3190000000 27751.3382131665
11.3265000000 27547.8463606316
11.3340000000 27339.5085045902
11.3415000000 27126.6349723682
11.3490000000 26909.5377257995
11.3565000000 26688.5294054646
11.3640000000 26463.9223805578
11.3715000000 26236.0278081510
11.3790000000 26005.1547055894
11.3865000000 25771.6090397038
11.3940000000 25535.6928364597
11.4015000000 25297.7033145750
11.4090000000 25057.9320465352
11.4165000000 24816.6641503158
11.4240000000 24574.1775149817
11.4315000000 24330.7420631812
11.4390000000 24086.6190533823
11.4465000000 23842.0604245143
11.4540000000 23597.3081854798
11.4615000000 23352.5938517936
11.4690000000 23108.1379313787
11.4765000000 22864.1494613202
11.4840000000 22620.8255971338
11.4915000000 22378.3512558562
11.4990000000 22136.8988140067
11.5065000000 21896.6278612093
11.5140000000 21657.6850099971
11.5215000000 21420.2037620532
11.5290000000 21184.3044308738
11.5365000000 20950.0941205715
11.5440000000 20717.6667602698
11.5515000000 20487.1031932790
11.5590000000 20258.4713199854
11.5665000000 20031.8262931380
11.5740000000 19807.2107639713
11.5815000000 19584.6551773736
11.5890000000 19364.1781140851
11.5965000000 19145.7866777031
11.6040000000 18929.4769240727
11.6115000000 18715.2343304578
11.6190000000 18503.0343017236
11.6265000000 18292.8427106052
11.6340000000 18084.6164690062
11.6415000000 17878.3041271516
11.6490000000 17673.8464973212
11.6565000000 17471.1772988089
11.6640000000 17270.2238206908
11.6715000000 17070.9075989434
11.6790000000 16873.1451044273
11.6865000000 16676.8484382508
11.6940000000 16481.9260310370
11.7015000000 16288.2833426565
11.7090000000 16095.8235590336
11.7165000000 15904.4482827078
11.7240000000 15714.0582139137
11.7315000000 15524.5538190495
11.7390000000 15335.8359835179
11.7465000000 15147.8066460605
11.7540000000 14960.3694118499
11.7615000000 14773.4301417635
11.7690000000 14586.8975154376
11.7765000000 14400.6835658747
11.7840000000 14214.7041835746
11.7915000000 14028.8795883526
11.7990000000 13843.1347672159
11.8065000000 13657.3998768776
11.8140000000 13471.6106097037
11.8215000000 13285.7085221017
11.8290000000 13099.6413245800
11.8365000000 12913.3631329236
11.8440000000 12726.8346801463
11.8515000000 12540.0234890954
11.8590000000 12352.9040057921
11.8665000000 12165.4576937963
11.8740000000 11977.6730900812
11.8815000000 11789.5458230959
11.8890000000 11601.0785938731
11.8965000000 11412.2811212169
11.9040000000 11223.1700521633
11.9115000000 11033.7688390638
11.9190000000 10844.1075847784
11.9265000000 10654.2228575967
11.9340000000 10464.1574776209
11.9415000000 10273.9602764466
11.9490000000 10083.6858320699
11.9565000000 9893.3941810244
11.9640000000 9703.1505098145
11.9715000000 9513.0248277643
11.9790000000 9323.0916234337
11.9865000000 9133.4295067789
11.9940000000 8944.1208392445
12.0015000000 8755.2513539706
12.0090000000 8566.9097682842
12.0165000000 8379.1873906172
12.0240000000 8192.1777239559
12.0315000000 8005.9760678763
12.0390000000 7820.6791211631
12.0465000000 7636.3845869399
12.0540000000 7453.1907821628
12.0615000000 7271.1962532444
12.0690000000 7090.4993994826
12.0765000000 6911.1981058719
12.0840000000 6733.3893867699
12.0915000000 6557.1690417855
12.0990000000 6382.6313251402
12.1065000000 6209.8686296433
12.1140000000 6038.9711862998
12.1215000000 5870.0267804561
12.1290000000 5703.1204852664
12.1365000000 5538.3344131446
12.1440000000 5375.7474857506
12.1515000000 5215.4352229404
12.1590000000 5057.4695509983
12.1665000000 4901.9186303560
12.1740000000 4748.8467028983
12.1815000000 4598.3139588484
12.1890000000 4450.3764231286
12.1965000000 4305.0858609968
12.2040000000 4162.4897026699
12.2115000000 4022.6309865610
12.2190000000 3885.5483206803
12.2265000000 3751.2758616765
12.2340000000 3619.8433109302
12.2415000000 3491.2759270503
12.2490000000 3365.5945540726
12.2565000000 3242.8156646115
12.2640000000 3122.9514171761
12.2715000000 3006.0097268266
12.2790000000 2891.9943483208
12.2865000000 2780.9049708760
12.2940000000 2672.7373236572
12.3015000000 2567.4832910919
12.3090000000 2465.1310371056
12.3165000000 2365.6651373737
12.3240000000 2269.0667186900
12.3315000000 2175.3136045616
12.3390000000 2084.3804661538
12.3465000000 1996.2389777283
12.3540000000 1910.8579757366
12.3615000000 1828.2036207603
12.3690000000 1748.2395615119
12.3765000000 1670.9271001472
12.3840000000 1596.2253581678
12.3915000000 1524.0914422306
12.3990000000 1454.4806092178
12.4065000000 1387.3464299559
12.4140000000 1322.6409510163
12.4215000000 1260.3148540661
12.4290000000 1200.3176122789
12.4365000000 1142.5976433577
12.4440000000 1087.1024587601
12.4515000000 1033.7788087585
12.4590000000 982.5728230054
12.4665000000 933.4301463150
12.4740000000 886.2960694094
12.4815000000 841.1156544148
12.4890000000 797.8338549291
12.4965000000 756.3956305164
12.5040000000 716.7460555188
12.5115000000 678.8304221037
12.5190000000 642.5943374994
12.5265000000 607.9838153954
12.5340000000 574.9453615150
12.5415000000 543.4260533866
12.5490000000 513.3736143705
12.5565000000 484.7364820115
12.5640000000 457.4638708123
12.5715000000 431.5058295386
12.5790000000 406.8132931817
12.5865000000 383.3381297198
12.5940000000 361.0331818313
12.6015000000 339.8523037240
12.6090000000 319.7503932535
12.6165000000 300.6834195125
12.6240000000 282.6084460780
12.6315000000 265.4836501091
12.6390000000 249.2683374928
12.6465000000 233.9229542346
12.6540000000 219.4090942971
12.6615000000 205.6895040850
12.6690000000 192.7280837781
12.6765000000 180.4898857107
12.6840000000 168.9411099940
12.6915000000 158.0490975745
12.6990000000 147.7823209197
12.7065000000 138.1103725149
12.7140000000 129.0039513530
12.7215000000 120.4348475936
12.7290000000 112.3759255596
12.7365000000 104.8011052371
12.7440000000 97.6853424360
12.7515000000 91.0046077622
12.7590000000 84.7358645471
12.7665000000 78.8570458728
12.7740000000 73.3470308227
12.7815000000 68.1856200850
12.7890000000 63.3535110235
12.7965000000 58.8322723301
12.8040000000 54.6043183603
12.8115000000 50.6528832516
12.8190000000 46.9619949147
12.8265000000 43.5164489825
12.8340000000 40.3017827962
12.8415000000 37.3042495001
12.8490000000 34.5107923119
12.8565000000 31.9090190307
12.8640000000 29.4871768361
12.8715000000 27.2341274315
12.8790000000 25.1393225741
12.8865000000 23.1927800343
12.8940000000 21.3850600198
12.9015000000 19.7072420950
12.9090000000 18.1509026254
12.9165000000 16.7080927688
12.9240000000 15.3713170336
12.9315000000 14.1335124220
12.9390000000 12.9880281698
12.9465000000 11.9286060944
12.9540000000 10.9493615577
12.9615000000 10.0447650491
12.9690000000 9.2096243920
12.9765000000 8.4390675717
12.9840000000 7.7285261865
12.9915000000 7.0737195148
12.9990000000 6.4706391954
13.0065000000 5.9155345132
13.0140000000 5.4048982822
13.0215000000 4.9354533159
13.0290000000 4.5041394755
13.0365000000 4.1081012836
13.0440000000 3.7446760907
13.0515000000 3.4113827827
13.0590000000 3.1059110138
13.0665000000 2.8261109522
13.0740000000 2.5699835227
13.0815000000 2.3356711316
13.0890000000 2.1214488586
13.0965000000 1.9257160999
13.1040000000 1.7469886472
13.1115000000 1.5838911866
13.1190000000 1.4351502021
13.1265000000 1.2995872676
13.1340000000 1.1761127125
13.1415000000 1.0637196448
13.1490000000 0.9614783177
13.1565000000 0.8685308235
13.1640000000 0.7840861014
13.1715000000 0.7074152437
13.1790000000 0.6378470877
13.1865000000 0.5747640784
13.1940000000 0.5175983898
13.2015000000 0.4658282904
13.2090000000 0.4189747431
13.2165000000 0.3765982235
13.2240000000 0.3382957487
13.2315000000 0.3036981027
13.2390000000 0.2724672486
13.2465000000 0.2442939173
13.2540000000 0.2188953616
13.2615000000 0.1960132676
13.2690000000 0.1754118124
13.2765000000 0.1568758607
13.2840000000 0.1402092914
13.2915000000 0.1252334458
13.2990000000 0.1117856904
13.3065000000 0.0997180861
13.3140000000 0.0888961583
13.3215000000 0.0791977593
13.3290000000 0.0705120195
13.3365000000 0.0627383787
13.3440000000 0.0557856935
13.3515000000 0.0495714161
13.3590000000 0.0440208376
13.3665000000 0.0390663931
13.3740000000 0.0346470232
13.3815000000 0.0307075877
13.3890000000 0.0271983281
13.3965000000 0.0240743755
13.4040000000 0.0212952996
13.4115000000 0.0188246961
13.4190000000 0.0166298100
13.4265000000 0.0146811916
13.4340000000 0.0129523820
13.4415000000 0.0114196271
13.4490000000 0.0100616166
13.4565000000 0.0088592470
13.4640000000 0.0077954053
13.4715000000 0.0068547730
13.4790000000 0.0060236482
13.4865000000 0.0052897839
13.4940000000 0.0046422415
13.5015000000 0.0040712584
13.5090000000 0.0035681280
13.5165000000 0.0031250912
13.5240000000 0.0027352382
13.5315000000 0.0023924205
13.5390000000 0.0020911706
13.5465000000 0.0018266305
13.5540000000 0.0015944870
13.5615000000 0.0013909130
13.5690000000 0.0012125159
13.5765000000 0.0010562898
13.5840000000 0.0009195739
13.5915000000 0.0008000145
13.5990000000 0.0006955310
13.6065000000 0.0006042856
13.6140000000 0.0005246563
13.6215000000 0.0004552126
13.6290000000 0.0003946936
13.6365000000 0.0003419889
13.6440000000 0.0002961215
13.6515000000 0.0002562322
13.6590000000 0.0002215659
13.6665000000 0.0001914597
13.6740000000 0.0001653321
13.6815000000 0.0001426729
13.6890000000 0.0001230356
13.6965000000 0.0001060290
13.7040000000 0.0000913109
13.7115000000 0.0000785823
13.7190000000 0.0000675820
13.7265000000 0.0000580819
13.7340000000 0.0000498832
13.7415000000 0.0000428126
13.7490000000 0.0000367190
13.7565000000 0.0000314713
13.7640000000 0.0000269551
13.7715000000 0.0000230712
13.7790000000 0.0000197333
13.7865000000 0.0000168669
13.7940000000 0.0000144069
13.8015000000 0.0000122973
13.8090000000 0.0000104894
13.8165000000 0.0000089411
13.8240000000 0.0000076161
13.8315000000 0.0000064831
13.8390000000 0.0000055148
13.8465000000 0.0000046879
13.8540000000 0.0000039822
13.8615000000 0.0000033804
13.8690000000 0.0000028676
13.8765000000 0.0000024310
13.8840000000 0.0000020593
13.8915000000 0.0000017433
13.8990000000 0.0000014748
13.9065000000 0.0000012468
13.9140000000 0.0000010533
13.9215000000 0.0000008892
13.9290000000 0.0000007502
13.9365000000 0.0000006324
13.9440000000 0.0000005328
13.9515000000 0.0000004486
13.9590000000 0.0000003774
13.9665000000 0.0000003173
13.9740000000 0.0000002665
13.9815000000 0.0000002238
13.9890000000 0.0000001877
13.9965000000 0.0000001574
14.0040000000 0.0000001319
14.0115000000 0.0000001104
14.0190000000 0.0000000924
14.0265000000 0.0000000772
14.0340000000 0.0000000645
14.0415000000 0.0000000539
14.0490000000 0.0000000450
14.0565000000 0.0000000375
14.0640000000 0.0000000312
14.0715000000 0.0000000260
14.0790000000 0.0000000216
14.0865000000 0.0000000180
14.0940000000 0.0000000149
14.1015000000 0.0000000124
14.1090000000 0.0000000103
14.1165000000 0.0000000085
14.1240000000 0.0000000071
14.1315000000 0.0000000059
14.1390000000 0.0000000048
14.1465000000 0.0000000040
14.1540000000 0.0000000033
14.1615000000 0.0000000027
14.1690000000 0.0000000023
14.1765000000 0.0000000019
14.1840000000 0.0000000015
14.1915000000 0.0000000013
14.1990000000 0.0000000010
14.2065000000 0.0000000009
14.2140000000 0.0000000007
14.2215000000 0.0000000006
14.2290000000 0.0000000005
14.2365000000 0.0000000004
14.2440000000 0.0000000003
14.2515000000 0.0000000003
14.2590000000 0.0000000002
14.2665000000 0.0000000002
14.2740000000 0.0000000001
14.2815000000 0.0000000001
14.2890000000 0.0000000001
14.2965000000 0.0000000001
14.3040000000 0.0000000001
14.3115000000 0.0000000001
14.3190000000 0.0000000000
14.3265000000 0.0000000000
14.3340000000 0.0000000000
14.3415000000 0.0000000000
14.3490000000 0.0000000000
14.3565000000 0.0000000000
14.3640000000 0.0000000000
14.3715000000 0.0000000000
14.3790000000 0.0000000000
14.3865000000 0.0000000000
14.3940000000 0.0000000000
14.4015000000 0.0000000000
14.4090000000 0.0000000000
14.4165000000 0.0000000000
14.4240000000 0.0000000000
14.4315000000 0.0000000000
14.4390000000 0.0000000000
14.4465000000 0.0000000000
14.4540000000 0.0000000000
14.4615000000 0.0000000000
14.4690000000 0.0000000000
14.4765000000 0.0000000000
14.4840000000 0.0000000000
14.4915000000 0.0000000000
14.4990000000 0.0000000000
14.5065000000 0.0000000000
14.5140000000 0.0000000000
14.5215000000 0.0000000000
14.5290000000 0.0000000000
14.5365000000 0.0000000000
14.5440000000 0.0000000000
14.5515000000 0.0000000000
14.5590000000 0.0000000000
14.5665000000 0.0000000000
14.5740000000 0.0000000000
14.5815000000 0.0000000000
14.5890000000 0.0000000000
14.5965000000 0.0000000000
14.6040000000 0.0000000000
14.6115000000 0.0000000000
14.6190000000 0.0000000000
14.6265000000 0.0000000000
14.6340000000 0.0000000000
14.6415000000 0.0000000000
14.6490000000 0.0000000000
14.6565000000 0.0000000000
14.6640000000 0.0000000000
14.6715000000 0.0000000000
14.6790000000 0.0000000000
14.6865000000 0.0000000000
14.6940000000 0.0000000000
14.7015000000 0.0000000000
14.7090000000 0.0000000000
14.7165000000 0.0000000000
14.7240000000 0.0000000000
14.7315000000 0.0000000000
14.7390000000 0.0000000000
14.7465000000 0.0000000000
14.7540000000 0.0000000000
14.7615000000 0.0000000000
14.7690000000 0.0000000000
14.7765000000 0.0000000000
14.7840000000 0.0000000000
14.7915000000 0.0000000000
14.7990000000 0.0000000000
14.8065000000 0.0000000000
14.8140000000 0.0000000000
14.8215000000 0.0000000000
14.8290000000 0.0000000000
14.8365000000 0.0000000000
14.8440000000 0.0000000000
14.8515000000 0.0000000000
14.8590000000 0.0000000000
14.8665000000 0.0000000000
14.8740000000 0.0000000000
14.8815000000 0.0000000000
14.8890000000 0.0000000000
14.8965000000 0.0000000000
14.9040000000 0.0000000000
14.9115000000 0.0000000000
14.9190000000 0.0000000000
14.9265000000 0.0000000000
14.9340000000 0.0000000000
14.9415000000 0.0000000000
14.9490000000 0.0000000000
14.9565000000 0.0000000000
14.9640000000 0.0000000000
14.9715000000 0.0000000000
14.9790000000 0.0000000000
14.9865000000 0.0000000000
14.9940000000 0.0000000000
15.0015000000 0.0000000000
15.0090000000 0.0000000000
15.0165000000 0.0000000000
15.0240000000 0.0000000000
15.0315000000 0.0000000000
15.0390000000 0.0000000000
15.0465000000 0.0000000000
15.0540000000 0.0000000000
15.0615000000 0.0000000000
15.0690000000 0.0000000000
15.0765000000 0.0000000000
15.0840000000 0.0000000000
15.0915000000 0.0000000000
15.0990000000 0.0000000000
15.1065000000 0.0000000000
15.1140000000 0.0000000000
15.1215000000 0.0000000000
15.1290000000 0.0000000000
15.1365000000 0.0000000000
15.1440000000 0.0000000000
15.1515000000 0.0000000000
15.1590000000 0.0000000000
15.1665000000 0.0000000000
15.1740000000 0.0000000000
15.1815000000 0.0000000000
15.1890000000 0.0000000000
15.1965000000 0.0000000000
15.2040000000 0.0000000000
15.2115000000 0.0000000000
15.2190000000 0.0000000000
15.2265000000 0.0000000000
15.2340000000 0.0000000000
15.2415000000 0.0000000000
15.2490000000 0.0000000000
15.2565000000 0.0000000000
15.2640000000 0.0000000000
15.2715000000 0.0000000000
15.2790000000 0.0000000000
15.2865000000 0.0000000000
15.2940000000 0.0000000000
15.3015000000 0.0000000000
15.3090000000 0.0000000000
15.3165000000 0.0000000000
15.3240000000 0.0000000000
15.3315000000 0.0000000000
15.3390000000 0.0000000000
15.3465000000 0.0000000000
15.3540000000 0.0000000000
15.3615000000 0.0000000000
15.3690000000 0.0000000000
15.3765000000 0.0000000000
15.3840000000 0.0000000000
15.3915000000 0.0000000000
15.3990000000 0.0000000000
15.4065000000 0.0000000000
15.4140000000 0.0000000000
15.4215000000 0.0000000000
15.4290000000 0.0000000000
15.4365000000 0.0000000000
15.4440000000 0.0000000000
15.4515000000 0.0000000000
15.4590000000 0.0000000000
15.4665000000 0.0000000000
15.4740000000 0.0000000000
15.4815000000 0.0000000000
15.4890000000 0.0000000000
15.4965000000 0.0000000000
15.5040000000 0.0000000000
15.5115000000 0.0000000000
15.5190000000 0.0000000000
15.5265000000 0.0000000000
15.5340000000 0.0000000000
15.5415000000 0.0000000000
15.5490000000 0.0000000000
15.5565000000 0.0000000000
15.5640000000 0.0000000000
15.5715000000 0.0000000000
15.5790000000 0.0000000000
15.5865000000 0.0000000000
15.5940000000 0.0000000000
15.6015000000 0.0000000000
15.6090000000 0.0000000000
15.6165000000 0.0000000000
15.6240000000 0.0000000000
15.6315000000 0.0000000000
15.6390000000 0.0000000000
15.6465000000 0.0000000000
15.6540000000 0.0000000000
15.6615000000 0.0000000000
15.6690000000 0.0000000000
15.6765000000 0.0000000000
15.6840000000 0.0000000000
15.6915000000 0.0000000000
15.6990000000 0.0000000000
15.7065000000 0.0000000000
15.7140000000 0.0000000000
15.7215000000 0.0000000000
15.7290000000 0.0000000000
15.7365000000 0.0000000000
15.7440000000 0.0000000000
15.7515000000 0.0000000000
15.7590000000 0.0000000000
15.7665000000 0.0000000000
15.7740000000 0.0000000000
15.7815000000 0.0000000000
15.7890000000 0.0000000000
15.7965000000 0.0000000000
15.8040000000 0.0000000000
15.8115000000 0.0000000000
15.8190000000 0.0000000000
15.8265000000 0.0000000000
15.8340000000 0.0000000000
15.8415000000 0.0000000000
15.8490000000 0.0000000000
15.8565000000 0.0000000000
15.8640000000 0.0000000000
15.8715000000 0.0000000000
15.8790000000 0.0000000000
15.8865000000 0.0000000000
15.8940000000 0.0000000000
15.9015000000 0.0000000000
15.9090000000 0.0000000000
15.9165000000 0.0000000000
15.9240000000 0.0000000000
15.9315000000 0.0000000000
15.9390000000 0.0000000000
15.9465000000 0.0000000000
15.9540000000 0.0000000000
15.9615000000 0.0000000000
15.9690000000 0.0000000000
15.9765000000 0.0000000000
15.9840000000 0.0000000000
15.9915000000 0.0000000000
15.9990000000 0.0000000000
16.0065000000 0.0000000000
16.0140000000 0.0000000000
16.0215000000 0.0000000000
16.0290000000 0.0000000000
16.0365000000 0.0000000000
16.0440000000 0.0000000000
16.0515000000 0.0000000000
16.0590000000 0.0000000000
16.0665000000 0.0000000000
16.0740000000 0.0000000000
16.0815000000 0.0000000000
16.0890000000 0.0000000000
16.0965000000 0.0000000000
16.1040000000 0.0000000000
16.1115000000 0.0000000000
16.1190000000 0.0000000000
16.1265000000 0.0000000000
16.1340000000 0.0000000000
16.1415000000 0.0000000000
16.1490000000 0.0000000000
16.1565000000 0.0000000000
16.1640000000 0.0000000000
16.1715000000 0.0000000000
16.1790000000 0.0000000000
16.1865000000 0.0000000000
16.1940000000 0.0000000000
16.2015000000 0.0000000000
16.2090000000 0.0000000000
16.2165000000 0.0000000000
16.2240000000 0.0000000000
16.2315000000 0.0000000000
16.2390000000 0.0000000000
16.2465000000 0.0000000000
16.2540000000 0.0000000000
16.2615000000 0.0000000000
16.2690000000 0.0000000000
16.2765000000 0.0000000000
16.2840000000 0.0000000000
16.2915000000 0.0000000000
16.2990000000 0.0000000000
16.3065000000 0.0000000000
16.3140000000 0.0000000000
16.3215000000 0.0000000000
16.3290000000 0.0000000000
16.3365000000 0.0000000000
16.3440000000 0.0000000000
16.3515000000 0.0000000000
16.3590000000 0.0000000000
16.3665000000 0.0000000000
16.3740000000 0.0000000000
16.3815000000 0.0000000000
16.3890000000 0.0000000000
16.3965000000 0.0000000000
16.4040000000 0.0000000000
16.4115000000 0.0000000000
16.4190000000 0.0000000000
16.4265000000 0.0000000000
16.4340000000 0.0000000000
16.4415000000 0.0000000000
16.4490000000 0.0000000000
16.4565000000 0.0000000000
16.4640000000 0.0000000000
16.4715000000 0.0000000000
16.4790000000 0.0000000000
16.4865000000 0.0000000000
16.4940000000 0.0000000000
16.5015000000 0.0000000000
16.5090000000 0.0000000000
16.5165000000 0.0000000000
16.5240000000 0.0000000000
16.5315000000 0.0000000000
16.5390000000 0.0000000000
16.5465000000 0.0000000000
16.5540000000 0.0000000000
16.5615000000 0.0000000000
16.5690000000 0.0000000000
16.5765000000 0.0000000000
16.5840000000 0.0000000000
16.5915000000 0.0000000000
16.5990000000 0.0000000000
16.6065000000 0.0000000000
16.6140000000 0.0000000000
16.6215000000 0.0000000000
16.6290000000 0.0000000000
16.6365000000 0.0000000000
16.6440000000 0.0000000000
16.6515000000 0.0000000000
16.6590000000 0.0000000000
16.6665000000 0.0000000000
16.6740000000 0.0000000000
16.6815000000 0.0000000000
16.6890000000 0.0000000000
16.6965000000 0.0000000000
16.7040000000 0.0000000000
16.7115000000 0.0000000000
16.7190000000 0.0000000000
16.7265000000 0.0000000000
16.7340000000 0.0000000000
16.7415000000 0.0000000000
16.7490000000 0.0000000000
16.7565000000 0.0000000000
16.7640000000 0.0000000000
16.7715000000 0.0000000000
16.7790000000 0.0000000000
16.7865000000 0.0000000000
16.7940000000 0.0000000000
16.8015000000 0.0000000000
16.8090000000 0.0000000000
16.8165000000 0.0000000000
16.8240000000 0.0000000000
16.8315000000 0.0000000000
16.8390000000 0.0000000000
16.8465000000 0.0000000000
16.8540000000 0.0000000000
16.8615000000 0.0000000000
16.8690000000 0.0000000000
16.8765000000 0.0000000000
16.8840000000 0.0000000000
16.8915000000 0.0000000000
16.8990000000 0.0000000000
16.9065000000 0.0000000000
16.9140000000 0.0000000000
16.9215000000 0.0000000000
16.9290000000 0.0000000000
16.9365000000 0.0000000000
16.9440000000 0.0000000000
16.9515000000 0.0000000000
16.9590000000 0.0000000000
16.9665000000 0.0000000000
16.9740000000 0.0000000000
16.9815000000 0.0000000000
16.9890000000 0.0000000000
16.9965000000 0.0000000000
17.0040000000 0.0000000000
17.0115000000 0.0000000000
17.0190000000 0.0000000000
17.0265000000 0.0000000000
17.0340000000 0.0000000000
17.0415000000 0.0000000000
17.0490000000 0.0000000000
17.0565000000 0.0000000000
17.0640000000 0.0000000000
17.0715000000 0.0000000000
17.0790000000 0.0000000000
17.0865000000 0.0000000000
17.0940000000 0.0000000000
17.1015000000 0.0000000000
17.1090000000 0.0000000000
17.1165000000 0.0000000000
17.1240000000 0.0000000000
17.1315000000 0.0000000000
17.1390000000 0.0000000000
17.1465000000 0.0000000000
17.1540000000 0.0000000000
17.1615000000 0.0000000000
17.1690000000 0.0000000000
17.1765000000 0.0000000000
17.1840000000 0.0000000000
17.1915000000 0.0000000000
17.1990000000 0.0000000000
17.2065000000 0.0000000000
17.2140000000 0.0000000000
17.2215000000 0.0000000000
17.2290000000 0.0000000000
17.2365000000 0.0000000000
17.2440000000 0.0000000000
17.2515000000 0.0000000000
17.2590000000 0.0000000000
17.2665000000 0.0000000000
17.2740000000 0.0000000000
17.2815000000 0.0000000000
17.2890000000 0.0000000000
17.2965000000 0.0000000000
17.3040000000 0.0000000000
17.3115000000 0.0000000000
17.3190000000 0.0000000000
17.3265000000 0.0000000000
17.3340000000 0.0000000000
17.3415000000 0.0000000000
17.3490000000 0.0000000000
17.3565000000 0.0000000000
17.3640000000 0.0000000000
17.3715000000 0.0000000000
17.3790000000 0.0000000000
17.3865000000 0.0000000000
17.3940000000 0.0000000000
17.4015000000 0.0000000000
17.4090000000 0.0000000000
17.4165000000 0.0000000000
17.4240000000 0.0000000000
17.4315000000 0.0000000000
17.4390000000 0.0000000000
17.4465000000 0.0000000000
17.4540000000 0.0000000000
17.4615000000 0.0000000000
17.4690000000 0.0000000000
17.4765000000 0.0000000000
17.4840000000 0.0000000000
17.4915000000 0.0000000000
17.4990000000 0.0000000000
17.5065000000 0.0000000000
17.5140000000 0.0000000000
17.5215000000 0.0000000000
17.5290000000 0.0000000000
17.5365000000 0.0000000000
17.5440000000 0.0000000000
17.5515000000 0.0000000000
17.5590000000 0.0000000000
17.5665000000 0.0000000000
17.5740000000 0.0000000000
17.5815000000 0.0000000000
17.5890000000 0.0000000000
17.5965000000 0.0000000000
17.6040000000 0.0000000000
17.6115000000 0.0000000000
17.6190000000 0.0000000000
17.6265000000 0.0000000000
