2.8108000000 0.0000000000
2.8183000000 0.0000000000
2.8258000000 0.0000000000
2.8333000000 0.0000000000
2.8408000000 0.0000000000
2.8483000000 0.0000000000
2.8558000000 0.0000000000
2.8633000000 0.0000000000
2.8708000000 0.0000000000
2.8783000000 0.0000000000
2.8858000000 0.0000000000
2.8933000000 0.0000000000
2.9008000000 0.0000000000
2.9083000000 0.0000000000
2.9158000000 0.0000000000
2.9233000000 0.0000000000
2.9308000000 0.0000000000
2.9383000000 0.0000000000
2.9458000000 0.0000000000
2.9533000000 0.0000000000
2.9608000000 0.0000000000
2.9683000000 0.0000000000
2.9758000000 0.0000000000
2.9833000000 0.0000000000
2.9908000000 0.0000000000
2.9983000000 0.0000000000
3.0058000000 0.0000000000
3.0133000000 0.0000000000
3.0208000000 0.0000000000
3.0283000000 0.0000000000
3.0358000000 0.0000000000
3.0433000000 0.0000000000
3.0508000000 0.0000000000
3.0583000000 0.0000000000
3.0658000000 0.0000000000
3.0733000000 0.0000000000
3.0808000000 0.0000000000
3.0883000000 0.0000000000
3.0958000000 0.0000000000
3.1033000000 0.0000000000
3.1108000000 0.0000000000
3.1183000000 0.0000000000
3.1258000000 0.0000000000
3.1333000000 0.0000000000
3.1408000000 0.0000000000
3.1483000000 0.0000000000
3.1558000000 0.0000000000
3.1633000000 0.0000000000
3.1708000000 0.0000000000
3.1783000000 0.0000000000
3.1858000000 0.0000000000
3.1933000000 0.0000000000
3.2008000000 0.0000000000
3.2083000000 0.0000000000
3.2158000000 0.0000000000
3.2233000000 0.0000000000
3.2308000000 0.0000000000
3.2383000000 0.0000000000
3.2458000000 0.0000000000
3.2533000000 0.0000000000
3.2608000000 0.0000000000
3.2683000000 0.0000000000
3.2758000000 0.0000000000
3.2833000000 0.0000000000
3.2908000000 0.0000000000
3.2983000000 0.0000000000
3.3058000000 0.0000000000
3.3133000000 0.0000000000
3.3208000000 0.0000000000
3.3283000000 0.0000000000
3.3358000000 0.0000000000
3.3433000000 0.0000000000
3.3508000000 0.0000000000
3.3583000000 0.0000000000
3.3658000000 0.0000000000
3.3733000000 0.0000000000
3.3808000000 0.0000000000
3.3883000000 0.0000000000
3.3958000000 0.0000000000
3.4033000000 0.0000000000
3.4108000000 0.0000000000
3.4183000000 0.0000000000
3.4258000000 0.0000000000
3.4333000000 0.0000000000
3.4408000000 0.0000000000
3.4483000000 0.0000000000
3.4558000000 0.0000000000
3.4633000000 0.0000000000
3.4708000000 0.0000000000
3.4783000000 0.0000000001
3.4858000000 0.0000000001
3.4933000000 0.0000000001
3.5008000000 0.0000000001
3.5083000000 0.0000000001
3.5158000000 0.0000000002
3.5233000000 0.0000000002
3.5308000000 0.0000000003
3.5383000000 0.0000000003
3.5458000000 0.0000000004
3.5533000000 0.0000000005
3.5608000000 0.0000000006
3.5683000000 0.0000000007
3.5758000000 0.0000000009
3.5833000000 0.0000000011
3.5908000000 0.0000000014
3.5983000000 0.0000000017
3.6058000000 0.0000000021
3.6133000000 0.0000000025
3.6208000000 0.0000000031
3.6283000000 0.0000000038
3.6358000000 0.0000000047
3.6433000000 0.0000000057
3.6508000000 0.0000000070
3.6583000000 0.0000000086
3.6658000000 0.0000000105
3.6733000000 0.0000000128
3.6808000000 0.0000000156
3.6883000000 0.0000000191
3.6958000000 0.0000000233
3.7033000000 0.0000000284
3.7108000000 0.0000000346
3.7183000000 0.0000000421
3.7258000000 0.0000000512
3.7333000000 0.0000000622
3.7408000000 0.0000000756
3.7483000000 0.0000000918
3.7558000000 0.0000001113
3.7633000000 0.0000001349
3.7708000000 0.0000001634
3.7783000000 0.0000001977
3.7858000000 0.0000002392
3.7933000000 0.0000002891
3.8008000000 0.0000003492
3.8083000000 0.0000004214
3.8158000000 0.0000005083
3.8233000000 0.0000006126
3.8308000000 0.0000007378
3.8383000000 0.0000008880
3.8458000000 0.0000010680
3.8533000000 0.0000012836
3.8608000000 0.0000015416
3.8683000000 0.0000018502
3.8758000000 0.0000022191
3.8833000000 0.0000026595
3.8908000000 0.0000031852
3.8983000000 0.0000038121
3.9058000000 0.0000045591
3.9133000000 0.0000054487
3.9208000000 0.0000065073
3.9283000000 0.0000077662
3.9358000000 0.0000092620
3.9433000000 0.0000110382
3.9508000000 0.0000131458
3.9583000000 0.0000156447
3.9658000000 0.0000186057
3.9733000000 0.0000221114
3.9808000000 0.0000262593
3.9883000000 0.0000311634
3.9958000000 0.0000369573
4.0033000000 0.0000437977
4.0108000000 0.0000518676
4.0183000000 0.0000613813
4.0258000000 0.0000725889
4.0333000000 0.0000857826
4.0408000000 0.0001013032
4.0483000000 0.0001195478
4.0558000000 0.0001409791
4.0633000000 0.0001661355
4.0708000000 0.0001956432
4.0783000000 0.0002302300
4.0858000000 0.0002707408
4.0933000000 0.0003181560
4.1008000000 0.0003736123
4.1083000000 0.0004384266
4.1158000000 0.0005141233
4.1233000000 0.0006024658
4.1308000000 0.0007054920
4.1383000000 0.0008255560
4.1458000000 0.0009653740
4.1533000000 0.0011280785
4.1608000000 0.0013172788
4.1683000000 0.0015371306
4.1758000000 0.0017924147
4.1833000000 0.0020886271
4.1908000000 0.0024320806
4.1983000000 0.0028300212
4.2058000000 0.0032907590
4.2133000000 0.0038238173
4.2208000000 0.0044401012
4.2283000000 0.0051520878
4.2358000000 0.0059740426
4.2433000000 0.0069222622
4.2508000000 0.0080153491
4.2583000000 0.0092745213
4.2658000000 0.0107239612
4.2733000000 0.0123912075
4.2808000000 0.0143075969
4.2883000000 0.0165087591
4.2958000000 0.0190351733
4.3033000000 0.0219327913
4.3108000000 0.0252537366
4.3183000000 0.0290570858
4.3258000000 0.0334097429
4.3333000000 0.0383874162
4.3408000000 0.0440757082
4.3483000000 0.0505713313
4.3558000000 0.0579834622
4.3633000000 0.0664352496
4.3708000000 0.0760654903
4.3783000000 0.0870304917
4.3858000000 0.0995061393
4.3933000000 0.1136901885
4.4008000000 0.1298048046
4.4083000000 0.1480993732
4.4158000000 0.1688536079
4.4233000000 0.1923809835
4.4308000000 0.2190325245
4.4383000000 0.2492009818
4.4458000000 0.2833254335
4.4533000000 0.3218963465
4.4608000000 0.3654611412
4.4683000000 0.4146303018
4.4758000000 0.4700840794
4.4833000000 0.5325798387
4.4908000000 0.6029601003
4.4983000000 0.6821613374
4.5058000000 0.7712235857
4.5133000000 0.8713009325
4.5208000000 0.9836729521
4.5283000000 1.1097571608
4.5358000000 1.2511225670
4.5433000000 1.4095043975
4.5508000000 1.5868200844
4.5583000000 1.7851866012
4.5658000000 2.0069392429
4.5733000000 2.2546519451
4.5808000000 2.5311592452
4.5883000000 2.8395799921
4.5958000000 3.1833429113
4.6033000000 3.5662141418
4.6108000000 3.9923268605
4.6183000000 4.4662131138
4.6258000000 4.9928379813
4.6333000000 5.5776361963
4.6408000000 6.2265513525
4.6483000000 6.9460778253
4.6558000000 7.7433055410
4.6633000000 8.6259677230
4.6708000000 9.6024917487
4.6783000000 10.6820532456
4.6858000000 11.8746335565
4.6933000000 13.1910806981
4.7008000000 14.6431739360
4.7083000000 16.2436920902
4.7158000000 18.0064856844
4.7233000000 19.9465530383
4.7308000000 22.0801203977
4.7383000000 24.4247261843
4.7458000000 26.9993094342
4.7533000000 29.8243024828
4.7608000000 32.9217279328
4.7683000000 36.3152999297
4.7758000000 40.0305297449
4.7833000000 44.0948356459
4.7908000000 48.5376570099
4.7983000000 53.3905726091
4.8058000000 58.6874229671
4.8133000000 64.4644366565
4.8208000000 70.7603603720
4.8283000000 77.6165925801
4.8358000000 85.0773205047
4.8433000000 93.1896601714
4.8508000000 102.0037991871
4.8583000000 111.5731418888
4.8658000000 121.9544564459
4.8733000000 133.2080234524
4.8808000000 145.3977854953
4.8883000000 158.5914971279
4.8958000000 172.8608746278
4.9033000000 188.2817448584
4.9108000000 204.9341924991
4.9183000000 222.9027048487
4.9258000000 242.2763133484
4.9333000000 263.1487309145
4.9408000000 285.6184841073
4.9483000000 309.7890391095
4.9558000000 335.7689204264
4.9633000000 363.6718211670
4.9708000000 393.6167037091
4.9783000000 425.7278895027
4.9858000000 460.1351367141
4.9933000000 496.9737043721
5.0008000000 536.3844016341
5.0083000000 578.5136207544
5.0158000000 623.5133523087
5.0233000000 671.5411812004
5.0308000000 722.7602619608
5.0383000000 777.3392718399
5.0458000000 835.4523401858
5.0533000000 897.2789526160
5.0608000000 963.0038284946
5.0683000000 1032.8167702621
5.0758000000 1106.9124831913
5.0833000000 1185.4903641958
5.0908000000 1268.7542583704
5.0983000000 1356.9121820140
5.1058000000 1450.1760109676
5.1133000000 1548.7611331928
5.1208000000 1652.8860646237
5.1283000000 1762.7720274454
5.1358000000 1878.6424900860
5.1433000000 2000.7226683535
5.1508000000 2129.2389873103
5.1583000000 2264.4185036506
5.1658000000 2406.4882885293
5.1733000000 2555.6747709906
5.1808000000 2712.2030423527
5.1883000000 2876.2961221251
5.1958000000 3048.1741862681
5.2033000000 3228.0537588416
5.2108000000 3416.1468683425
5.2183000000 3612.6601702847
5.2258000000 3817.7940378403
5.2333000000 4031.7416226282
5.2408000000 4254.6878880069
5.2483000000 4486.8086175055
5.2558000000 4728.2694012945
5.2633000000 4979.2246038794
5.2708000000 5239.8163164595
5.2783000000 5510.1732976670
5.2858000000 5790.4099066522
5.2933000000 6080.6250327315
5.3008000000 6380.9010260492
5.3083000000 6691.3026339279
5.3158000000 7011.8759477880
5.3233000000 7342.6473657072
5.3308000000 7683.6225758601
5.3383000000 8034.7855662238
5.3458000000 8396.0976660606
5.3533000000 8767.4966247864
5.3608000000 9148.8957339006
5.3683000000 9540.1829976976
5.3758000000 9941.2203584856
5.3833000000 10351.8429820165
5.3908000000 10771.8586087747
5.3983000000 11201.0469766778
5.4058000000 11639.1593206182
5.4133000000 12085.9179541063
5.4208000000 12541.0159380784
5.4283000000 13004.1168416923
5.4358000000 13474.8545996596
5.4433000000 13952.8334703516
5.4508000000 14437.6280985673
5.4583000000 14928.7836864717
5.4658000000 15425.8162757920
5.4733000000 15928.2131439147
5.4808000000 16435.4333160421
5.4883000000 16946.9081950630
5.4958000000 17462.0423102524
5.5033000000 17980.2141853616
5.5108000000 18500.7773260759
5.5183000000 19023.0613262228
5.5258000000 19546.3730914997
5.5333000000 20069.9981788684
5.5408000000 20593.2022491312
5.5483000000 21115.2326295717
5.5558000000 21635.3199829065
5.5633000000 22152.6800781681
5.5708000000 22666.5156585161
5.5783000000 23176.0184003661
5.5858000000 23680.3709576371
5.5933000000 24178.7490843459
5.6008000000 24670.3238282336
5.6083000000 25154.2637875964
5.6158000000 25629.7374230084
5.6233000000 26095.9154151831
5.6308000000 26551.9730598146
5.6383000000 26997.0926898822
5.6458000000 27430.4661155893
5.6533000000 27851.2970718461
5.6608000000 28258.8036629979
5.6683000000 28652.2207943460
5.6758000000 29030.8025799123
5.6833000000 29393.8247158594
5.6908000000 29740.5868090014
5.6983000000 30070.4146499194
5.7058000000 30382.6624203399
5.7133000000 30676.7148246361
5.7208000000 30951.9891355748
5.7283000000 31207.9371447523
5.7358000000 31444.0470085420
5.7433000000 31659.8449808117
5.7508000000 31854.8970241541
5.7583000000 32028.8102919154
5.7658000000 32181.2344738908
5.7733000000 32311.8629991877
5.7808000000 32420.4340904281
5.7883000000 32506.7316641698
5.7958000000 32570.5860731647
5.8033000000 32611.8746868428
5.8108000000 32630.5223071974
5.8183000000 32626.5014180599
5.8258000000 32599.8322665694
5.8333000000 32550.5827764745
5.8408000000 32478.8682937352
5.8483000000 32384.8511657207
5.8558000000 32268.7401561197
5.8633000000 32130.7896984875
5.8708000000 31971.2989921402
5.8783000000 31790.6109448759
5.8858000000 31589.1109677345
5.8933000000 31367.2256277162
5.9008000000 31125.4211650441
5.9083000000 30864.2018821816
5.9158000000 30584.1084123993
5.9233000000 30285.7158762162
5.9308000000 29969.6319345241
5.9383000000 29636.4947476310
5.9458000000 29286.9708498320
5.9533000000 28921.7529494301
5.9608000000 28541.5576643840
5.9683000000 28147.1232039546
5.9758000000 27739.2070068561
5.9833000000 27318.5833464908
5.9908000000 26886.0409138566
5.9983000000 26442.3803886729
6.0058000000 25988.4120091606
6.0133000000 25524.9531507502
6.0208000000 25052.8259237750
6.0283000000 24572.8547999307
6.0358000000 24085.8642769670
6.0433000000 23592.6765907016
6.0508000000 23094.1094830390
6.0583000000 22590.9740342189
6.0658000000 22084.0725670289
6.0733000000 21574.1966301941
6.0808000000 21062.1250675988
6.0883000000 20548.6221794203
6.0958000000 20034.4359806545
6.1033000000 19520.2965618950
6.1108000000 19006.9145566029
6.1183000000 18494.9797184639
6.1258000000 17985.1596117927
6.1333000000 17478.0984173020
6.1408000000 16974.4158549187
6.1483000000 16474.7062247030
6.1558000000 15979.5375663103
6.1633000000 15489.4509368340
6.1708000000 15004.9598062885
6.1783000000 14526.5495694313
6.1858000000 14054.6771720870
6.1933000000 13589.7708496313
6.2008000000 13132.2299748133
6.2083000000 12682.4250116496
6.2158000000 12240.6975717116
6.2233000000 11807.3605687479
6.2308000000 11382.6984672462
6.2383000000 10966.9676202309
6.2458000000 10560.3966913295
6.2533000000 10163.1871559087
6.2608000000 9775.5138758956
6.2683000000 9397.5257427407
6.2758000000 9029.3463828694
6.2833000000 8671.0749198870
6.2908000000 8322.7867877589
6.2983000000 7984.5345891824
6.3058000000 7656.3489933868
6.3133000000 7338.2396676589
6.3208000000 7030.1962369755
6.3283000000 6732.1892662390
6.3358000000 6444.1712597559
6.3433000000 6166.0776727588
6.3508000000 5897.8279299652
6.3583000000 5639.3264463710
6.3658000000 5390.4636457017
6.3733000000 5151.1169721885
6.3808000000 4921.1518915869
6.3883000000 4700.4228776254
6.3958000000 4488.7743803418
6.4033000000 4286.0417730520
6.4108000000 4092.0522749754
6.4183000000 3906.6258468373
6.4258000000 3729.5760570520
6.4333000000 3560.7109163841
6.4408000000 3399.8336792675
6.4483000000 3246.7436102452
6.4558000000 3101.2367142683
6.4633000000 2963.1064298582
6.4708000000 2832.1442843989
6.4783000000 2708.1405110717
6.4858000000 2590.8846271866
6.4933000000 2480.1659738872
6.5008000000 2375.7742174237
6.5083000000 2277.4998123866
6.5158000000 2185.1344274805
6.5233000000 2098.4713345914
6.5308000000 2017.3057620568
6.5383000000 1941.4352131926
6.5458000000 1870.6597512579
6.5533000000 1804.7822521525
6.5608000000 1743.6086262415
6.5683000000 1686.9480107839
6.5758000000 1634.6129345138
6.5833000000 1586.4194559779
6.5908000000 1542.1872772758
6.5983000000 1501.7398348790
6.6058000000 1464.9043692240
6.6133000000 1431.5119747757
6.6208000000 1401.3976322579
6.6283000000 1374.4002247258
6.6358000000 1350.3625391328
6.6433000000 1329.1312550077
6.6508000000 1310.5569218155
6.6583000000 1294.4939265231
6.6658000000 1280.8004528340
6.6733000000 1269.3384334920
6.6808000000 1259.9734969847
6.6883000000 1252.5749099025
6.6958000000 1247.0155161330
6.7033000000 1243.1716739874
6.7108000000 1240.9231922742
6.7183000000 1240.1532662472
6.7258000000 1240.7484142720
6.7333000000 1242.5984159647
6.7408000000 1245.5962524712
6.7483000000 1249.6380494691
6.7558000000 1254.6230233874
6.7633000000 1260.4534312573
6.7708000000 1267.0345245241
6.7783000000 1274.2745070724
6.7858000000 1282.0844976380
6.7933000000 1290.3784967106
6.8008000000 1299.0733579582
6.8083000000 1308.0887641393
6.8158000000 1317.3472074099
6.8233000000 1326.7739738696
6.8308000000 1336.2971321444
6.8383000000 1345.8475257495
6.8458000000 1355.3587689370
6.8533000000 1364.7672456893
6.8608000000 1374.0121114907
6.8683000000 1383.0352974749
6.8758000000 1391.7815165259
6.8833000000 1400.1982708885
6.8908000000 1408.2358608290
6.8983000000 1415.8473938788
6.9058000000 1422.9887941864
6.9133000000 1429.6188115009
6.9208000000 1435.6990293163
6.9283000000 1441.1938717097
6.9358000000 1446.0706084184
6.9433000000 1450.2993577166
6.9508000000 1453.8530866681
6.9583000000 1456.7076083531
6.9658000000 1458.8415756923
6.9733000000 1460.2364715163
6.9808000000 1460.8765945579
6.9883000000 1460.7490410757
6.9958000000 1459.8436818502
7.0033000000 1458.1531343280
7.0108000000 1455.6727297245
7.0183000000 1452.4004749326
7.0258000000 1448.3370091216
7.0333000000 1443.4855549479
7.0408000000 1437.8518643362
7.0483000000 1431.4441588289
7.0558000000 1424.2730645357
7.0633000000 1416.3515417540
7.0708000000 1407.6948093640
7.0783000000 1398.3202641397
7.0858000000 1388.2473951448
7.0933000000 1377.4976934199
7.1008000000 1366.0945571912
7.1083000000 1354.0631928638
7.1158000000 1341.4305120836
7.1233000000 1328.2250251794
7.1308000000 1314.4767313153
7.1383000000 1300.2170057038
7.1458000000 1285.4784842461
7.1533000000 1270.2949459802
7.1608000000 1254.7011937286
7.1683000000 1238.7329333470
7.1758000000 1222.4266519810
7.1833000000 1205.8194957427
7.1908000000 1188.9491472199
7.1983000000 1171.8537032297
7.2058000000 1154.5715532252
7.2133000000 1137.1412587585
7.2208000000 1119.6014343953
7.2283000000 1101.9906304663
7.2358000000 1084.3472180294
7.2433000000 1066.7092764030
7.2508000000 1049.1144836148
7.2583000000 1031.6000100944
7.2658000000 1014.2024159199
7.2733000000 996.9575519085
7.2808000000 979.9004648209
7.2883000000 963.0653069290
7.2958000000 946.4852501718
7.3033000000 930.1924051047
7.3108000000 914.2177448212
7.3183000000 898.5910340054
7.3258000000 883.3407632476
7.3333000000 868.4940887333
7.3408000000 854.0767773927
7.3483000000 840.1131575736
7.3558000000 826.6260752783
7.3633000000 813.6368559847
7.3708000000 801.1652720477
7.3783000000 789.2295156589
7.3858000000 777.8461773209
7.3933000000 767.0302297753
7.4008000000 756.7950173053
7.4083000000 747.1522503157
7.4158000000 738.1120050798
7.4233000000 729.6827285282
7.4308000000 721.8712479379
7.4383000000 714.6827853733
7.4458000000 708.1209767165
7.4533000000 702.1878951160
7.4608000000 696.8840786741
7.4683000000 692.2085621881
7.4758000000 688.1589127518
7.4833000000 684.7312690217
7.4908000000 681.9203839473
7.4983000000 679.7196707632
7.5058000000 678.1212520384
7.5133000000 677.1160115788
7.5208000000 676.6936489787
7.5283000000 676.8427366178
7.5358000000 677.5507789046
7.5433000000 678.8042735650
7.5508000000 680.5887747846
7.5583000000 682.8889580114
7.5658000000 685.6886862330
7.5733000000 688.9710775463
7.5808000000 692.7185738426
7.5883000000 696.9130104363
7.5958000000 701.5356864706
7.6033000000 706.5674359406
7.6108000000 711.9886991757
7.6183000000 717.7795946348
7.6258000000 723.9199908668
7.6333000000 730.3895784988
7.6408000000 737.1679421170
7.6483000000 744.2346319101
7.6558000000 751.5692349512
7.6633000000 759.1514459949
7.6708000000 766.9611376740
7.6783000000 774.9784299792
7.6858000000 783.1837589121
7.6933000000 791.5579441998
7.7008000000 800.0822559652
7.7083000000 808.7384802456
7.7158000000 817.5089832540
7.7233000000 826.3767742784
7.7308000000 835.3255671127
7.7383000000 844.3398399140
7.7458000000 853.4048933788
7.7533000000 862.5069071296
7.7608000000 871.6329942007
7.7683000000 880.7712535121
7.7758000000 889.9108202155
7.7833000000 899.0419137941
7.7908000000 908.1558837966
7.7983000000 917.2452530815
7.8058000000 926.3037584440
7.8133000000 935.3263884971
7.8208000000 944.3094186727
7.8283000000 953.2504432080
7.8358000000 962.1484039787
7.8433000000 971.0036160383
7.8508000000 979.8177897207
7.8583000000 988.5940491637
7.8658000000 997.3369471069
7.8733000000 1006.0524758203
7.8808000000 1014.7480740195
7.8883000000 1023.4326296235
7.8958000000 1032.1164782155
7.9033000000 1040.8113970692
7.9108000000 1049.5305946067
7.9183000000 1058.2886951613
7.9258000000 1067.1017189247
7.9333000000 1075.9870569634
7.9408000000 1084.9634412026
7.9483000000 1094.0509092834
7.9558000000 1103.2707642115
7.9633000000 1112.6455287298
7.9708000000 1122.1988943615
7.9783000000 1131.9556650862
7.9858000000 1141.9416956301
7.9933000000 1152.1838243697
8.0008000000 1162.7098008687
8.0083000000 1173.5482080906
8.0158000000 1184.7283793525
8.0233000000 1196.2803101073
8.0308000000 1208.2345646732
8.0383000000 1220.6221780477
8.0458000000 1233.4745529792
8.0533000000 1246.8233524909
8.0608000000 1260.7003880862
8.0683000000 1275.1375038893
8.0758000000 1290.1664570106
8.0833000000 1305.8187944515
8.0908000000 1322.1257268964
8.0983000000 1339.1179997702
8.1058000000 1356.8257619678
8.1133000000 1375.2784326929
8.1208000000 1394.5045668712
8.1283000000 1414.5317196307
8.1358000000 1435.3863103695
8.1433000000 1457.0934869541
8.1508000000 1479.6769906165
8.1583000000 1503.1590221391
8.1658000000 1527.5601099353
8.1733000000 1552.8989806511
8.1808000000 1579.1924329271
8.1883000000 1606.4552149722
8.1958000000 1634.6999066080
8.2033000000 1663.9368064503
8.2108000000 1694.1738248933
8.2183000000 1725.4163835639
8.2258000000 1757.6673219066
8.2333000000 1790.9268115507
8.2408000000 1825.1922791015
8.2483000000 1860.4583379764
8.2558000000 1896.7167298917
8.2633000000 1933.9562765773
8.2708000000 1972.1628422702
8.2783000000 2011.3193075056
8.2858000000 2051.4055546886
8.2933000000 2092.3984658865
8.3008000000 2134.2719332440
8.3083000000 2176.9968823702
8.3158000000 2220.5413090010
8.3233000000 2264.8703291832
8.3308000000 2309.9462431720
8.3383000000 2355.7286131742
8.3458000000 2402.1743550074
8.3533000000 2449.2378436807
8.3608000000 2496.8710328401
8.3683000000 2545.0235879504
8.3758000000 2593.6430330213
8.3833000000 2642.6749106143
8.3908000000 2692.0629547990
8.3983000000 2741.7492766580
8.4058000000 2791.6745618709
8.4133000000 2841.7782798423
8.4208000000 2891.9989037693
8.4283000000 2942.2741409818
8.4358000000 2992.5411728274
8.4433000000 3042.7369033100
8.4508000000 3092.7982156365
8.4583000000 3142.6622357740
8.4658000000 3192.2666020657
8.4733000000 3241.5497399122
8.4808000000 3290.4511404823
8.4883000000 3338.9116423788
8.4958000000 3386.8737151556
8.5033000000 3434.2817435537
8.5108000000 3481.0823113030
8.5183000000 3527.2244833206
8.5258000000 3572.6600851268
8.5333000000 3617.3439782920
8.5408000000 3661.2343307350
8.5483000000 3704.2928806914
8.5558000000 3746.4851931924
8.5633000000 3787.7809079048
8.5708000000 3828.1539772113
8.5783000000 3867.5828934377
8.5858000000 3906.0509041685
8.5933000000 3943.5462146301
8.6008000000 3980.0621761683
8.6083000000 4015.5974598917
8.6158000000 4050.1562146087
8.6233000000 4083.7482082406
8.6308000000 4116.3889519539
8.6383000000 4148.0998063203
8.6458000000 4178.9080688759
8.6533000000 4208.8470425233
8.6608000000 4237.9560842887
8.6683000000 4266.2806340189
8.6758000000 4293.8722226780
8.6833000000 4320.7884599758
8.6908000000 4347.0930011352
8.6983000000 4372.8554926829
8.7058000000 4398.1514972171
8.7133000000 4423.0623971847
8.7208000000 4447.6752777690
8.7283000000 4472.0827890611
8.7358000000 4496.3829877586
8.7433000000 4520.6791587004
8.7508000000 4545.0796166123
8.7583000000 4569.6974885014
8.7658000000 4594.6504771946
8.7733000000 4620.0606065771
8.7808000000 4646.0539491381
8.7883000000 4672.7603364816
8.7958000000 4700.3130535123
8.8033000000 4728.8485170455
8.8108000000 4758.5059396372
8.8183000000 4789.4269794650
8.8258000000 4821.7553771288
8.8333000000 4855.6365802731
8.8408000000 4891.2173569590
8.8483000000 4928.6453987463
8.8558000000 4968.0689144669
8.8633000000 5009.6362156944
8.8708000000 5053.4952949337
8.8783000000 5099.7933975737
8.8858000000 5148.6765886601
8.8933000000 5200.2893155608
8.9008000000 5254.7739676077
8.9083000000 5312.2704338104
8.9158000000 5372.9156597463
8.9233000000 5436.8432047404
8.9308000000 5504.1828004555
8.9383000000 5575.0599120186
8.9458000000 5649.5953028179
8.9533000000 5727.9046041047
8.9608000000 5810.0978905424
8.9683000000 5896.2792628461
8.9758000000 5986.5464386578
8.9833000000 6080.9903528043
8.9908000000 6179.6947680842
8.9983000000 6282.7358977310
9.0058000000 6390.1820406951
9.0133000000 6502.0932308838
9.0208000000 6618.5209014965
9.0283000000 6739.5075655803
9.0358000000 6865.0865139251
9.0433000000 6995.2815314060
9.0508000000 7130.1066328642
9.0583000000 7269.5658196038
9.0658000000 7413.6528575589
9.0733000000 7562.3510781649
9.0808000000 7715.6332029374
9.0883000000 7873.4611927340
9.0958000000 8035.7861226374
9.1033000000 8202.5480833573
9.1108000000 8373.6761100070
9.1183000000 8549.0881390573
9.1258000000 8728.6909942194
9.1333000000 8912.3804019443
9.1408000000 9100.0410371653
9.1483000000 9291.5465998361
9.1558000000 9486.7599227420
9.1633000000 9685.5331109792
9.1708000000 9887.7077134119
9.1783000000 10093.1149263207
9.1858000000 10301.5758293624
9.1933000000 10512.9016538549
9.2008000000 10726.8940832955
9.2083000000 10943.3455859091
9.2158000000 11162.0397789062
9.2233000000 11382.7518240125
9.2308000000 11605.2488537074
9.2383000000 11829.2904274870
9.2458000000 12054.6290173372
9.2533000000 12281.0105214752
9.2608000000 12508.1748052901
9.2683000000 12735.8562682811
9.2758000000 12963.7844356661
9.2833000000 13191.6845732064
9.2908000000 13419.2783236645
9.2983000000 13646.2843631968
9.3058000000 13872.4190758580
9.3133000000 14097.3972442853
9.3208000000 14320.9327545205
9.3283000000 14542.7393128246
9.3358000000 14762.5311722486
9.3433000000 14980.0238666307
9.3508000000 15194.9349496163
9.3583000000 15406.9847362251
9.3658000000 15615.8970444272
9.3733000000 15821.3999341442
9.3808000000 16023.2264410487
9.3883000000 16221.1153025096
9.3958000000 16414.8116730133
9.4033000000 16604.0678263897
9.4108000000 16788.6438421767
9.4183000000 16968.3082734820
9.4258000000 17142.8387937339
9.4333000000 17312.0228197593
9.4408000000 17475.6581086890
9.4483000000 17633.5533262636
9.4558000000 17785.5285841970
9.4633000000 17931.4159443563
9.4708000000 18071.0598876261
9.4783000000 18204.3177454467
9.4858000000 18331.0600921523
9.4933000000 18451.1710963773
9.5008000000 18564.5488299562
9.5083000000 18671.1055329050
9.5158000000 18770.7678332458
9.5233000000 18863.4769206198
9.5308000000 18949.1886728167
9.5383000000 19027.8737345491
9.5458000000 19099.5175479966
9.5533000000 19164.1203348461
9.5608000000 19221.6970297685
9.5683000000 19272.2771654721
9.5758000000 19315.9047096912
9.5833000000 19352.6378546718
9.5908000000 19382.5487599288
9.5983000000 19405.7232492539
9.6058000000 19422.2604631568
9.6133000000 19432.2724681188
9.6208000000 19435.8838242345
9.6283000000 19433.2311129976
9.6358000000 19424.4624271717
9.6433000000 19409.7368248511
9.6508000000 19389.2237499790
9.6583000000 19363.1024217424
9.6658000000 19331.5611953959
9.6733000000 19294.7968971990
9.6808000000 19253.0141362597
9.6883000000 19206.4245961820
9.6958000000 19155.2463094966
9.7033000000 19099.7029179302
9.7108000000 19040.0229216215
9.7183000000 18976.4389204366
9.7258000000 18909.1868505620
9.7333000000 18838.5052195633
9.7408000000 18764.6343430930
9.7483000000 18687.8155864109
9.7558000000 18608.2906138436
9.7633000000 18526.3006492579
9.7708000000 18442.0857505575
9.7783000000 18355.8841011286
9.7858000000 18267.9313210677
9.7933000000 18178.4598009113
9.8008000000 18087.6980604689
9.8083000000 17995.8701352210
9.8158000000 17903.1949926003
9.8233000000 17809.8859803141
9.8308000000 17716.1503086979
9.8383000000 17622.1885689131
9.8458000000 17528.1942886155
9.8533000000 17434.3535265268
9.8608000000 17340.8445071440
9.8683000000 17247.8372966144
9.8758000000 17155.4935205962
9.8833000000 17063.9661247124
9.8908000000 16973.3991779912
9.8983000000 16883.9277194716
9.9058000000 16795.6776479399
9.9133000000 16708.7656545466
9.9208000000 16623.2991978469
9.9283000000 16539.3765205982
9.9358000000 16457.0867074487
9.9433000000 16376.5097824526
9.9508000000 16297.7168451623
9.9583000000 16220.7702438613
9.9658000000 16145.7237843358
9.9733000000 16072.6229724128
9.9808000000 16001.5052883477
9.9883000000 15932.4004909958
9.9958000000 15865.3309495798
10.0033000000 15800.3120007429
10.0108000000 15737.3523284781
10.0183000000 15676.4543644306
10.0258000000 15617.6147059967
10.0333000000 15560.8245495799
10.0408000000 15506.0701363166
10.0483000000 15453.3332075544
10.0558000000 15402.5914673435
10.0633000000 15353.8190492042
10.0708000000 15306.9869844408
10.0783000000 15262.0636693007
10.0858000000 15219.0153283183
10.0933000000 15177.8064712365
10.1008000000 15138.4003409683
10.1083000000 15100.7593501418
10.1158000000 15064.8455038651
10.1233000000 15030.6208064558
10.1308000000 14998.0476499939
10.1383000000 14967.0891826881
10.1458000000 14937.7096551814
10.1533000000 14909.8747430690
10.1608000000 14883.5518440577
10.1683000000 14858.7103483560
10.1758000000 14835.3218810560
10.1833000000 14813.3605154396
10.1908000000 14792.8029563202
10.1983000000 14773.6286927155
10.2058000000 14755.8201193273
10.2133000000 14739.3626264936
10.2208000000 14724.2446584613
10.2283000000 14710.4577400155
10.2358000000 14697.9964716833
10.2433000000 14686.8584939120
10.2508000000 14677.0444207993
10.2583000000 14668.5577441255
10.2658000000 14661.4047086062
10.2733000000 14655.5941594433
10.2808000000 14651.1373634112
10.2883000000 14648.0478048552
10.2958000000 14646.3409581226
10.3033000000 14646.0340380736
10.3108000000 14647.1457304381
10.3183000000 14649.6959038929
10.3258000000 14653.7053058339
10.3333000000 14659.1952439010
10.3408000000 14666.1872553925
10.3483000000 14674.7027667649
10.3558000000 14684.7627454673
10.3633000000 14696.3873463994
10.3708000000 14709.5955553037
10.3783000000 14724.4048314217
10.3858000000 14740.8307517429
10.3933000000 14758.8866591617
10.4008000000 14778.5833168412
10.4083000000 14799.9285710390
10.4158000000 14822.9270246125
10.4233000000 14847.5797233543
10.4308000000 14873.8838572474
10.4383000000 14901.8324786438
10.4458000000 14931.4142392849
10.4533000000 14962.6131479811
10.4608000000 14995.4083506595
10.4683000000 15029.7739343740
10.4758000000 15065.6787567459
10.4833000000 15103.0863021734
10.4908000000 15141.9545660102
10.4983000000 15182.2359677699
10.5058000000 15223.8772942646
10.5133000000 15266.8196734347
10.5208000000 15310.9985794692
10.5283000000 15356.3438696595
10.5358000000 15402.7798532659
10.5433000000 15450.2253925180
10.5508000000 15498.5940357045
10.5583000000 15547.7941821484
10.5658000000 15597.7292787014
10.5733000000 15648.2980472329
10.5808000000 15699.3947424308
10.5883000000 15750.9094390807
10.5958000000 15802.7283478363
10.6033000000 15854.7341583527
10.6108000000 15906.8064085103
10.6183000000 15958.8218783249
10.6258000000 16010.6550070100
10.6333000000 16062.1783315362
10.6408000000 16113.2629449165
10.6483000000 16163.7789723424
10.6558000000 16213.5960631939
10.6633000000 16262.5838968580
10.6708000000 16310.6127002084
10.6783000000 16357.5537745264
10.6858000000 16403.2800295816
10.6933000000 16447.6665225355
10.7008000000 16490.5909992907
10.7083000000 16531.9344358715
10.7158000000 16571.5815774037
10.7233000000 16609.4214722432
10.7308000000 16645.3479988047
10.7383000000 16679.2603826478
10.7458000000 16711.0637013975
10.7533000000 16740.6693751020
10.7608000000 16767.9956396736
10.7683000000 16792.9680011038
10.7758000000 16815.5196682055
10.7833000000 16835.5919617003
10.7908000000 16853.1346975520
10.7983000000 16868.1065425294
10.8058000000 16880.4753400829
10.8133000000 16890.2184047206
10.8208000000 16897.3227831859
10.8283000000 16901.7854808574
10.8358000000 16903.6136519242
10.8433000000 16902.8247520212
10.8508000000 16899.4466521562
10.8583000000 16893.5177129060
10.8658000000 16885.0868180148
10.8733000000 16874.2133666864
10.8808000000 16860.9672240270
10.8883000000 16845.4286292621
10.8958000000 16827.6880615223
10.9033000000 16807.8460631665
10.9108000000 16786.0130207868
10.9183000000 16762.3089042166
10.9258000000 16736.8629640401
10.9333000000 16709.8133882803
10.9408000000 16681.3069191172
10.9483000000 16651.4984306668
10.9558000000 16620.5504690189
10.9633000000 16588.6327559075
10.9708000000 16555.9216575494
10.9783000000 16522.5996203511
10.9858000000 16488.8545753380
10.9933000000 16454.8793133132
11.0008000000 16420.8708328956
11.0083000000 16387.0296637233
11.0158000000 16353.5591672365
11.0233000000 16320.6648175763
11.0308000000 16288.5534652431
11.0383000000 16257.4325862588
11.0458000000 16227.5095196709
11.0533000000 16198.9906963084
11.0608000000 16172.0808617729
11.0683000000 16146.9822966991
11.0758000000 16123.8940373620
11.0833000000 16103.0110997393
11.0908000000 16084.5237101502
11.0983000000 16068.6165455984
11.1058000000 16055.4679869319
11.1133000000 16045.2493879111
11.1208000000 16038.1243632340
11.1283000000 16034.2480985176
11.1358000000 16033.7666851663
11.1433000000 16036.8164829756
11.1508000000 16043.5235132308
11.1583000000 16054.0028849454
11.1658000000 16068.3582567694
11.1733000000 16086.6813369632
11.1808000000 16109.0514236837
11.1883000000 16135.5349876801
11.1958000000 16166.1852993218
11.2033000000 16201.0421017079
11.2108000000 16240.1313314193
11.2183000000 16283.4648882782
11.2258000000 16331.0404552771
11.2333000000 16382.8413696282
11.2408000000 16438.8365456707
11.2483000000 16498.9804501480
11.2558000000 16563.2131301483
11.2633000000 16631.4602937693
11.2708000000 16703.6334433445
11.2783000000 16779.6300608347
11.2858000000 16859.3338447655
11.2933000000 16942.6149978615
11.3008000000 17029.3305643078
11.3083000000 17119.3248153506
11.3158000000 17212.4296817356
11.3233000000 17308.4652312775
11.3308000000 17407.2401896545
11.3383000000 17508.5525023350
11.3458000000 17612.1899353609
11.3533000000 17717.9307125451
11.3608000000 17825.5441864849
11.3683000000 17934.7915406451
11.3758000000 18045.4265196385
11.3833000000 18157.1961847107
11.3908000000 18269.8416913352
11.3983000000 18383.0990857397
11.4058000000 18496.7001171104
11.4133000000 18610.3730621676
11.4208000000 18723.8435587678
11.4283000000 18836.8354451622
11.4358000000 18949.0716015404
11.4433000000 19060.2747904931
11.4508000000 19170.1684930597
11.4583000000 19278.4777370677
11.4658000000 19384.9299145291
11.4733000000 19489.2555849349
11.4808000000 19591.1892613787
11.4883000000 19690.4701765415
11.4958000000 19786.8430256904
11.5033000000 19880.0586839718
11.5108000000 19969.8748954225
11.5183000000 20056.0569312768
11.5258000000 20138.3782153097
11.5333000000 20216.6209141302
11.5408000000 20290.5764905192
11.5483000000 20360.0462180952
11.5558000000 20424.8416557854
11.5633000000 20484.7850807764
11.5708000000 20539.7098788248
11.5783000000 20589.4608910110
11.5858000000 20633.8947162252
11.5933000000 20672.8799688835
11.6008000000 20706.2974915762
11.6083000000 20734.0405225542
11.6158000000 20756.0148181612
11.6233000000 20772.1387305139
11.6308000000 20782.3432409253
11.6383000000 20786.5719497517
11.6458000000 20784.7810235210
11.6533000000 20776.9391003719
11.6608000000 20763.0271549937
11.6683000000 20743.0383244137
11.6758000000 20716.9776961157
11.6833000000 20684.8620601129
11.6908000000 20646.7196267143
11.6983000000 20602.5897118401
11.7058000000 20552.5223918353
11.7133000000 20496.5781298235
11.7208000000 20434.8273757153
11.7283000000 20367.3501420499
11.7358000000 20294.2355579015
11.7433000000 20215.5814031218
11.7508000000 20131.4936252162
11.7583000000 20042.0858411715
11.7658000000 19947.4788265539
11.7733000000 19847.7999941954
11.7808000000 19743.1828647656
11.7883000000 19633.7665315040
11.7958000000 19519.6951213491
11.8033000000 19401.1172546556
11.8108000000 19278.1855056396
11.8183000000 19151.0558656263
11.8258000000 19019.8872111075
11.8333000000 18884.8407785395
11.8408000000 18746.0796477290
11.8483000000 18603.7682355665
11.8558000000 18458.0718017727
11.8633000000 18309.1559682277
11.8708000000 18157.1862533474
11.8783000000 18002.3276228723
11.8858000000 17844.7440583204
11.8933000000 17684.5981442521
11.9008000000 17522.0506753805
11.9083000000 17357.2602844506
11.9158000000 17190.3830916996
11.9233000000 17021.5723765963
11.9308000000 16850.9782724484
11.9383000000 16678.7474843572
11.9458000000 16505.0230308868
11.9533000000 16329.9440097120
11.9608000000 16153.6453874031
11.9683000000 15976.2578134025
11.9758000000 15797.9074581511
11.9833000000 15618.7158752246
11.9908000000 15438.7998872481
11.9983000000 15258.2714952680
12.0058000000 15077.2378111746
12.0133000000 14895.8010126891
12.0208000000 14714.0583203482
12.0283000000 14532.1019958512
12.0358000000 14350.0193610615
12.0433000000 14167.8928368938
12.0508000000 13985.8000012563
12.0583000000 13803.8136651652
12.0658000000 13622.0019660956
12.0733000000 13440.4284775891
12.0808000000 13259.1523340991
12.0883000000 13078.2283700156
12.0958000000 12897.7072717837
12.1033000000 12717.6357420010
12.1108000000 12538.0566743603
12.1183000000 12359.0093382835
12.1258000000 12180.5295720855
12.1333000000 12002.6499834950
12.1408000000 11825.4001563591
12.1483000000 11648.8068623602
12.1558000000 11472.8942765788
12.1633000000 11297.6841957495
12.1708000000 11123.1962580683
12.1783000000 10949.4481634354
12.1858000000 10776.4558930342
12.1933000000 10604.2339271807
12.2008000000 10432.7954604073
12.2083000000 10262.1526127792
12.2158000000 10092.3166364838
12.2233000000 9923.2981167731
12.2308000000 9755.1071663884
12.2383000000 9587.7536126424
12.2458000000 9421.2471763886
12.2533000000 9255.5976421610
12.2608000000 9090.8150188248
12.2683000000 8926.9096901382
12.2758000000 8763.8925546868
12.2833000000 8601.7751547140
12.2908000000 8440.5697934375
12.2983000000 8280.2896405038
12.3058000000 8120.9488253028
12.3133000000 7962.5625179276
12.3208000000 7805.1469976345
12.3283000000 7648.7197087213
12.3358000000 7493.2993038127
12.3433000000 7338.9056746018
12.3508000000 7185.5599701649
12.3583000000 7033.2846030277
12.3658000000 6882.1032432210
12.3733000000 6732.0408006257
12.3808000000 6583.1233959605
12.3883000000 6435.3783208204
12.3958000000 6288.8339872264
12.4033000000 6143.5198671922
12.4108000000 5999.4664228599
12.4183000000 5856.7050277955
12.4258000000 5715.2678800748
12.4333000000 5575.1879078198
12.4408000000 5436.4986678762
12.4483000000 5299.2342383476
12.4558000000 5163.4291057212
12.4633000000 5029.1180473352
12.4708000000 4896.3360099509
12.4783000000 4765.1179851975
12.4858000000 4635.4988826620
12.4933000000 4507.5134013927
12.5008000000 4381.1959005796
12.5083000000 4256.5802701648
12.5158000000 4133.6998021197
12.5233000000 4012.5870631097
12.5308000000 3893.2737692425
12.5383000000 3775.7906635723
12.5458000000 3660.1673970011
12.5533000000 3546.4324131868
12.5608000000 3434.6128380346
12.5683000000 3324.7343743059
12.5758000000 3216.8212018447
12.5833000000 3110.8958838743
12.5908000000 3006.9792797769
12.5983000000 2905.0904647224
12.6058000000 2805.2466564667
12.6133000000 2707.4631495925
12.6208000000 2611.7532574192
12.6283000000 2518.1282617612
12.6358000000 2426.5973706644
12.6433000000 2337.1676842076
12.6508000000 2249.8441684056
12.6583000000 2164.6296372085
12.6658000000 2081.5247425475
12.6733000000 2000.5279723325
12.6808000000 1921.6356562711
12.6883000000 1844.8419793355
12.6958000000 1770.1390026700
12.7033000000 1697.5166916970
12.7108000000 1626.9629511466
12.7183000000 1558.4636667083
12.7258000000 1492.0027529737
12.7333000000 1427.5622073187
12.7408000000 1365.1221693493
12.7483000000 1304.6609855211
12.7558000000 1246.1552785233
12.7633000000 1189.5800210098
12.7708000000 1134.9086132475
12.7783000000 1082.1129642459
12.7858000000 1031.1635759313
12.7933000000 982.0296299224
12.8008000000 934.6790764709
12.8083000000 889.0787251298
12.8158000000 845.1943367234
12.8233000000 802.9907161965
12.8308000000 762.4318059347
12.8383000000 723.4807791567
12.8458000000 686.1001329990
12.8533000000 650.2517809217
12.8608000000 615.8971440898
12.8683000000 582.9972413949
12.8758000000 551.5127778091
12.8833000000 521.4042307781
12.8908000000 492.6319343838
12.8983000000 465.1561610295
12.9058000000 438.9372004225
12.9133000000 413.9354356489
12.9208000000 390.1114161635
12.9283000000 367.4259275350
12.9358000000 345.8400578117
12.9433000000 325.3152603957
12.9508000000 305.8134133328
12.9583000000 287.2968749493
12.9658000000 269.7285357846
12.9733000000 253.0718667908
12.9808000000 237.2909637877
12.9883000000 222.3505881799
12.9958000000 208.2162039602
13.0033000000 194.8540110398
13.0108000000 182.2309749585
13.0183000000 170.3148530458
13.0258000000 159.0742171122
13.0333000000 148.4784727658
13.0408000000 138.4978754553
13.0483000000 129.1035433540
13.0558000000 120.2674672051
13.0633000000 111.9625172551
13.0708000000 104.1624474113
13.0783000000 96.8418967593
13.0858000000 89.9763885860
13.0933000000 83.5423270512
13.1008000000 77.5169916561
13.1083000000 71.8785296571
13.1158000000 66.6059465727
13.1233000000 61.6790949328
13.1308000000 57.0786614149
13.1383000000 52.7861525134
13.1458000000 48.7838788831
13.1533000000 45.0549384955
13.1608000000 41.5831987424
13.1683000000 38.3532776182
13.1758000000 35.3505241067
13.1833000000 32.5609978922
13.1908000000 29.9714485134
13.1983000000 27.5692940676
13.2058000000 25.3425995725
13.2133000000 23.2800550819
13.2208000000 21.3709536519
13.2283000000 19.6051692404
13.2358000000 17.9731346257
13.2433000000 16.4658194149
13.2508000000 15.0747082157
13.2583000000 13.7917790317
13.2658000000 12.6094819414
13.2733000000 11.5207181119
13.2808000000 10.5188191951
13.2883000000 9.5975271476
13.2958000000 8.7509745111
13.3033000000 7.9736651859
13.3108000000 7.2604557234
13.3183000000 6.6065371622
13.3258000000 6.0074174256
13.3333000000 5.4589042958
13.3408000000 4.9570889764
13.3483000000 4.4983302501
13.3558000000 4.0792392382
13.3633000000 3.6966647623
13.3708000000 3.3476793072
13.3783000000 3.0295655834
13.3858000000 2.7398036823
13.3933000000 2.4760588170
13.4008000000 2.2361696393
13.4083000000 2.0181371231
13.4158000000 1.8201140002
13.4233000000 1.6403947368
13.4308000000 1.4774060347
13.4383000000 1.3296978437
13.4458000000 1.1959348668
13.4533000000 1.0748885440
13.4608000000 0.9654294956
13.4683000000 0.8665204096
13.4758000000 0.7772093531
13.4833000000 0.6966234933
13.4908000000 0.6239632069
13.4983000000 0.5584965636
13.5058000000 0.4995541640
13.5133000000 0.4465243155
13.5208000000 0.3988485297
13.5283000000 0.3560173242
13.5358000000 0.3175663133
13.5433000000 0.2830725705
13.5508000000 0.2521512498
13.5583000000 0.2244524487
13.5658000000 0.1996583004
13.5733000000 0.1774802805
13.5808000000 0.1576567155
13.5883000000 0.1399504805
13.5958000000 0.1241468729
13.6033000000 0.1100516529
13.6108000000 0.0974892375
13.6183000000 0.0863010387
13.6258000000 0.0763439356
13.6333000000 0.0674888718
13.6408000000 0.0596195681
13.6483000000 0.0526313426
13.6558000000 0.0464300308
13.6633000000 0.0409309977
13.6708000000 0.0360582347
13.6783000000 0.0317435361
13.6858000000 0.0279257468
13.6933000000 0.0245500782
13.7008000000 0.0215674847
13.7083000000 0.0189340968
13.7158000000 0.0166107068
13.7233000000 0.0145623008
13.7308000000 0.0127576358
13.7383000000 0.0111688553
13.7458000000 0.0097711424
13.7533000000 0.0085424056
13.7608000000 0.0074629949
13.7683000000 0.0065154463
13.7758000000 0.0056842506
13.7833000000 0.0049556456
13.7908000000 0.0043174290
13.7983000000 0.0037587898
13.8058000000 0.0032701580
13.8133000000 0.0028430679
13.8208000000 0.0024700371
13.8283000000 0.0021444576
13.8358000000 0.0018604977
13.8433000000 0.0016130151
13.8508000000 0.0013974792
13.8583000000 0.0012099010
13.8658000000 0.0010467714
13.8733000000 0.0009050058
13.8808000000 0.0007818949
13.8883000000 0.0006750606
13.8958000000 0.0005824178
13.9033000000 0.0005021388
13.9108000000 0.0004326237
13.9183000000 0.0003724724
13.9258000000 0.0003204610
13.9333000000 0.0002755202
13.9408000000 0.0002367168
13.9483000000 0.0002032365
13.9558000000 0.0001743700
13.9633000000 0.0001494991
13.9708000000 0.0001280863
13.9783000000 0.0001096640
13.9858000000 0.0000938258
13.9933000000 0.0000802190
14.0008000000 0.0000685377
14.0083000000 0.0000585166
14.0158000000 0.0000499258
14.0233000000 0.0000425665
14.0308000000 0.0000362667
14.0383000000 0.0000308777
14.0458000000 0.0000262711
14.0533000000 0.0000223362
14.0608000000 0.0000189774
14.0683000000 0.0000161124
14.0758000000 0.0000136704
14.0833000000 0.0000115904
14.0908000000 0.0000098200
14.0983000000 0.0000083143
14.1058000000 0.0000070345
14.1133000000 0.0000059475
14.1208000000 0.0000050250
14.1283000000 0.0000042426
14.1358000000 0.0000035796
14.1433000000 0.0000030180
14.1508000000 0.0000025428
14.1583000000 0.0000021409
14.1658000000 0.0000018012
14.1733000000 0.0000015144
14.1808000000 0.0000012724
14.1883000000 0.0000010683
14.1958000000 0.0000008963
14.2033000000 0.0000007515
14.2108000000 0.0000006296
14.2183000000 0.0000005272
14.2258000000 0.0000004411
14.2333000000 0.0000003688
14.2408000000 0.0000003081
14.2483000000 0.0000002572
14.2558000000 0.0000002146
14.2633000000 0.0000001789
14.2708000000 0.0000001491
14.2783000000 0.0000001241
14.2858000000 0.0000001033
14.2933000000 0.0000000859
14.3008000000 0.0000000713
14.3083000000 0.0000000592
14.3158000000 0.0000000491
14.3233000000 0.0000000407
14.3308000000 0.0000000338
14.3383000000 0.0000000279
14.3458000000 0.0000000231
14.3533000000 0.0000000191
14.3608000000 0.0000000158
14.3683000000 0.0000000130
14.3758000000 0.0000000108
14.3833000000 0.0000000089
14.3908000000 0.0000000073
14.3983000000 0.0000000060
14.4058000000 0.0000000050
14.4133000000 0.0000000041
14.4208000000 0.0000000033
14.4283000000 0.0000000027
14.4358000000 0.0000000023
14.4433000000 0.0000000018
14.4508000000 0.0000000015
14.4583000000 0.0000000012
14.4658000000 0.0000000010
14.4733000000 0.0000000008
14.4808000000 0.0000000007
14.4883000000 0.0000000006
14.4958000000 0.0000000005
14.5033000000 0.0000000004
14.5108000000 0.0000000003
14.5183000000 0.0000000002
14.5258000000 0.0000000002
14.5333000000 0.0000000002
14.5408000000 0.0000000001
14.5483000000 0.0000000001
14.5558000000 0.0000000001
14.5633000000 0.0000000001
14.5708000000 0.0000000001
14.5783000000 0.0000000000
14.5858000000 0.0000000000
14.5933000000 0.0000000000
14.6008000000 0.0000000000
14.6083000000 0.0000000000
14.6158000000 0.0000000000
14.6233000000 0.0000000000
14.6308000000 0.0000000000
14.6383000000 0.0000000000
14.6458000000 0.0000000000
14.6533000000 0.0000000000
14.6608000000 0.0000000000
14.6683000000 0.0000000000
14.6758000000 0.0000000000
14.6833000000 0.0000000000
14.6908000000 0.0000000000
14.6983000000 0.0000000000
14.7058000000 0.0000000000
14.7133000000 0.0000000000
14.7208000000 0.0000000000
14.7283000000 0.0000000000
14.7358000000 0.0000000000
14.7433000000 0.0000000000
14.7508000000 0.0000000000
14.7583000000 0.0000000000
14.7658000000 0.0000000000
14.7733000000 0.0000000000
14.7808000000 0.0000000000
14.7883000000 0.0000000000
14.7958000000 0.0000000000
14.8033000000 0.0000000000
14.8108000000 0.0000000000
14.8183000000 0.0000000000
14.8258000000 0.0000000000
14.8333000000 0.0000000000
14.8408000000 0.0000000000
14.8483000000 0.0000000000
14.8558000000 0.0000000000
14.8633000000 0.0000000000
14.8708000000 0.0000000000
14.8783000000 0.0000000000
14.8858000000 0.0000000000
14.8933000000 0.0000000000
14.9008000000 0.0000000000
14.9083000000 0.0000000000
14.9158000000 0.0000000000
14.9233000000 0.0000000000
14.9308000000 0.0000000000
14.9383000000 0.0000000000
14.9458000000 0.0000000000
14.9533000000 0.0000000000
14.9608000000 0.0000000000
14.9683000000 0.0000000000
14.9758000000 0.0000000000
14.9833000000 0.0000000000
14.9908000000 0.0000000000
14.9983000000 0.0000000000
15.0058000000 0.0000000000
15.0133000000 0.0000000000
15.0208000000 0.0000000000
15.0283000000 0.0000000000
15.0358000000 0.0000000000
15.0433000000 0.0000000000
15.0508000000 0.0000000000
15.0583000000 0.0000000000
15.0658000000 0.0000000000
15.0733000000 0.0000000000
15.0808000000 0.0000000000
15.0883000000 0.0000000000
15.0958000000 0.0000000000
15.1033000000 0.0000000000
15.1108000000 0.0000000000
15.1183000000 0.0000000000
15.1258000000 0.0000000000
15.1333000000 0.0000000000
15.1408000000 0.0000000000
15.1483000000 0.0000000000
15.1558000000 0.0000000000
15.1633000000 0.0000000000
15.1708000000 0.0000000000
15.1783000000 0.0000000000
15.1858000000 0.0000000000
15.1933000000 0.0000000000
15.2008000000 0.0000000000
15.2083000000 0.0000000000
15.2158000000 0.0000000000
15.2233000000 0.0000000000
15.2308000000 0.0000000000
15.2383000000 0.0000000000
15.2458000000 0.0000000000
15.2533000000 0.0000000000
15.2608000000 0.0000000000
15.2683000000 0.0000000000
15.2758000000 0.0000000000
15.2833000000 0.0000000000
15.2908000000 0.0000000000
15.2983000000 0.0000000000
15.3058000000 0.0000000000
15.3133000000 0.0000000000
15.3208000000 0.0000000000
15.3283000000 0.0000000000
15.3358000000 0.0000000000
15.3433000000 0.0000000000
15.3508000000 0.0000000000
15.3583000000 0.0000000000
15.3658000000 0.0000000000
15.3733000000 0.0000000000
15.3808000000 0.0000000000
15.3883000000 0.0000000000
15.3958000000 0.0000000000
15.4033000000 0.0000000000
15.4108000000 0.0000000000
15.4183000000 0.0000000000
15.4258000000 0.0000000000
15.4333000000 0.0000000000
15.4408000000 0.0000000000
15.4483000000 0.0000000000
15.4558000000 0.0000000000
15.4633000000 0.0000000000
15.4708000000 0.0000000000
15.4783000000 0.0000000000
15.4858000000 0.0000000000
15.4933000000 0.0000000000
15.5008000000 0.0000000000
15.5083000000 0.0000000000
15.5158000000 0.0000000000
15.5233000000 0.0000000000
15.5308000000 0.0000000000
15.5383000000 0.0000000000
15.5458000000 0.0000000000
15.5533000000 0.0000000000
15.5608000000 0.0000000000
15.5683000000 0.0000000000
15.5758000000 0.0000000000
15.5833000000 0.0000000000
15.5908000000 0.0000000000
15.5983000000 0.0000000000
15.6058000000 0.0000000000
15.6133000000 0.0000000000
15.6208000000 0.0000000000
15.6283000000 0.0000000000
15.6358000000 0.0000000000
15.6433000000 0.0000000000
15.6508000000 0.0000000000
15.6583000000 0.0000000000
15.6658000000 0.0000000000
15.6733000000 0.0000000000
15.6808000000 0.0000000000
15.6883000000 0.0000000000
15.6958000000 0.0000000000
15.7033000000 0.0000000000
15.7108000000 0.0000000000
15.7183000000 0.0000000000
15.7258000000 0.0000000000
15.7333000000 0.0000000000
15.7408000000 0.0000000000
15.7483000000 0.0000000000
15.7558000000 0.0000000000
15.7633000000 0.0000000000
15.7708000000 0.0000000000
15.7783000000 0.0000000000
15.7858000000 0.0000000000
15.7933000000 0.0000000000
15.8008000000 0.0000000000
15.8083000000 0.0000000000
15.8158000000 0.0000000000
15.8233000000 0.0000000000
15.8308000000 0.0000000000
15.8383000000 0.0000000000
15.8458000000 0.0000000000
15.8533000000 0.0000000000
15.8608000000 0.0000000000
15.8683000000 0.0000000000
15.8758000000 0.0000000000
15.8833000000 0.0000000000
15.8908000000 0.0000000000
15.8983000000 0.0000000000
15.9058000000 0.0000000000
15.9133000000 0.0000000000
15.9208000000 0.0000000000
15.9283000000 0.0000000000
15.9358000000 0.0000000000
15.9433000000 0.0000000000
15.9508000000 0.0000000000
15.9583000000 0.0000000000
15.9658000000 0.0000000000
15.9733000000 0.0000000000
15.9808000000 0.0000000000
15.9883000000 0.0000000000
15.9958000000 0.0000000000
16.0033000000 0.0000000000
16.0108000000 0.0000000000
16.0183000000 0.0000000000
16.0258000000 0.0000000000
16.0333000000 0.0000000000
16.0408000000 0.0000000000
16.0483000000 0.0000000000
16.0558000000 0.0000000000
16.0633000000 0.0000000000
16.0708000000 0.0000000000
16.0783000000 0.0000000000
16.0858000000 0.0000000000
16.0933000000 0.0000000000
16.1008000000 0.0000000000
16.1083000000 0.0000000000
16.1158000000 0.0000000000
16.1233000000 0.0000000000
16.1308000000 0.0000000000
16.1383000000 0.0000000000
16.1458000000 0.0000000000
16.1533000000 0.0000000000
16.1608000000 0.0000000000
16.1683000000 0.0000000000
16.1758000000 0.0000000000
16.1833000000 0.0000000000
16.1908000000 0.0000000000
16.1983000000 0.0000000000
16.2058000000 0.0000000000
16.2133000000 0.0000000000
16.2208000000 0.0000000000
16.2283000000 0.0000000000
16.2358000000 0.0000000000
16.2433000000 0.0000000000
16.2508000000 0.0000000000
16.2583000000 0.0000000000
16.2658000000 0.0000000000
16.2733000000 0.0000000000
16.2808000000 0.0000000000
16.2883000000 0.0000000000
16.2958000000 0.0000000000
16.3033000000 0.0000000000
16.3108000000 0.0000000000
16.3183000000 0.0000000000
16.3258000000 0.0000000000
16.3333000000 0.0000000000
16.3408000000 0.0000000000
16.3483000000 0.0000000000
16.3558000000 0.0000000000
16.3633000000 0.0000000000
16.3708000000 0.0000000000
16.3783000000 0.0000000000
16.3858000000 0.0000000000
16.3933000000 0.0000000000
16.4008000000 0.0000000000
16.4083000000 0.0000000000
16.4158000000 0.0000000000
16.4233000000 0.0000000000
16.4308000000 0.0000000000
16.4383000000 0.0000000000
16.4458000000 0.0000000000
16.4533000000 0.0000000000
16.4608000000 0.0000000000
16.4683000000 0.0000000000
16.4758000000 0.0000000000
16.4833000000 0.0000000000
16.4908000000 0.0000000000
16.4983000000 0.0000000000
16.5058000000 0.0000000000
16.5133000000 0.0000000000
16.5208000000 0.0000000000
16.5283000000 0.0000000000
16.5358000000 0.0000000000
16.5433000000 0.0000000000
16.5508000000 0.0000000000
16.5583000000 0.0000000000
16.5658000000 0.0000000000
16.5733000000 0.0000000000
16.5808000000 0.0000000000
16.5883000000 0.0000000000
16.5958000000 0.0000000000
16.6033000000 0.0000000000
16.6108000000 0.0000000000
16.6183000000 0.0000000000
16.6258000000 0.0000000000
16.6333000000 0.0000000000
16.6408000000 0.0000000000
16.6483000000 0.0000000000
16.6558000000 0.0000000000
16.6633000000 0.0000000000
16.6708000000 0.0000000000
16.6783000000 0.0000000000
16.6858000000 0.0000000000
16.6933000000 0.0000000000
16.7008000000 0.0000000000
16.7083000000 0.0000000000
16.7158000000 0.0000000000
16.7233000000 0.0000000000
16.7308000000 0.0000000000
16.7383000000 0.0000000000
16.7458000000 0.0000000000
16.7533000000 0.0000000000
16.7608000000 0.0000000000
16.7683000000 0.0000000000
16.7758000000 0.0000000000
16.7833000000 0.0000000000
16.7908000000 0.0000000000
16.7983000000 0.0000000000
16.8058000000 0.0000000000
16.8133000000 0.0000000000
16.8208000000 0.0000000000
16.8283000000 0.0000000000
16.8358000000 0.0000000000
16.8433000000 0.0000000000
16.8508000000 0.0000000000
16.8583000000 0.0000000000
16.8658000000 0.0000000000
16.8733000000 0.0000000000
16.8808000000 0.0000000000
16.8883000000 0.0000000000
16.8958000000 0.0000000000
16.9033000000 0.0000000000
16.9108000000 0.0000000000
16.9183000000 0.0000000000
16.9258000000 0.0000000000
16.9333000000 0.0000000000
16.9408000000 0.0000000000
16.9483000000 0.0000000000
16.9558000000 0.0000000000
16.9633000000 0.0000000000
16.9708000000 0.0000000000
16.9783000000 0.0000000000
16.9858000000 0.0000000000
16.9933000000 0.0000000000
17.0008000000 0.0000000000
17.0083000000 0.0000000000
17.0158000000 0.0000000000
17.0233000000 0.0000000000
17.0308000000 0.0000000000
17.0383000000 0.0000000000
17.0458000000 0.0000000000
17.0533000000 0.0000000000
17.0608000000 0.0000000000
17.0683000000 0.0000000000
17.0758000000 0.0000000000
17.0833000000 0.0000000000
17.0908000000 0.0000000000
17.0983000000 0.0000000000
17.1058000000 0.0000000000
17.1133000000 0.0000000000
17.1208000000 0.0000000000
17.1283000000 0.0000000000
17.1358000000 0.0000000000
17.1433000000 0.0000000000
17.1508000000 0.0000000000
17.1583000000 0.0000000000
17.1658000000 0.0000000000
17.1733000000 0.0000000000
17.1808000000 0.0000000000
17.1883000000 0.0000000000
17.1958000000 0.0000000000
17.2033000000 0.0000000000
17.2108000000 0.0000000000
17.2183000000 0.0000000000
17.2258000000 0.0000000000
17.2333000000 0.0000000000
17.2408000000 0.0000000000
17.2483000000 0.0000000000
17.2558000000 0.0000000000
17.2633000000 0.0000000000
17.2708000000 0.0000000000
17.2783000000 0.0000000000
17.2858000000 0.0000000000
17.2933000000 0.0000000000
17.3008000000 0.0000000000
17.3083000000 0.0000000000
17.3158000000 0.0000000000
17.3233000000 0.0000000000
17.3308000000 0.0000000000
17.3383000000 0.0000000000
17.3458000000 0.0000000000
17.3533000000 0.0000000000
17.3608000000 0.0000000000
17.3683000000 0.0000000000
17.3758000000 0.0000000000
17.3833000000 0.0000000000
17.3908000000 0.0000000000
17.3983000000 0.0000000000
17.4058000000 0.0000000000
17.4133000000 0.0000000000
17.4208000000 0.0000000000
17.4283000000 0.0000000000
17.4358000000 0.0000000000
17.4433000000 0.0000000000
17.4508000000 0.0000000000
17.4583000000 0.0000000000
17.4658000000 0.0000000000
17.4733000000 0.0000000000
17.4808000000 0.0000000000
17.4883000000 0.0000000000
17.4958000000 0.0000000000
17.5033000000 0.0000000000
17.5108000000 0.0000000000
17.5183000000 0.0000000000
17.5258000000 0.0000000000
17.5333000000 0.0000000000
17.5408000000 0.0000000000
17.5483000000 0.0000000000
17.5558000000 0.0000000000
17.5633000000 0.0000000000
17.5708000000 0.0000000000
17.5783000000 0.0000000000
17.5858000000 0.0000000000
17.5933000000 0.0000000000
17.6008000000 0.0000000000
17.6083000000 0.0000000000
17.6158000000 0.0000000000
17.6233000000 0.0000000000
17.6308000000 0.0000000000
17.6383000000 0.0000000000
17.6458000000 0.0000000000
17.6533000000 0.0000000000
17.6608000000 0.0000000000
17.6683000000 0.0000000000
17.6758000000 0.0000000000
17.6833000000 0.0000000000
17.6908000000 0.0000000000
17.6983000000 0.0000000000
17.7058000000 0.0000000000
17.7133000000 0.0000000000
17.7208000000 0.0000000000
17.7283000000 0.0000000000
17.7358000000 0.0000000000
17.7433000000 0.0000000000
17.7508000000 0.0000000000
17.7583000000 0.0000000000
17.7658000000 0.0000000000
17.7733000000 0.0000000000
17.7808000000 0.0000000000
17.7883000000 0.0000000000
17.7958000000 0.0000000000
17.8033000000 0.0000000000
