2.5439000000 0.0000000000
2.5514000000 0.0000000000
2.5589000000 0.0000000000
2.5664000000 0.0000000000
2.5739000000 0.0000000000
2.5814000000 0.0000000000
2.5889000000 0.0000000000
2.5964000000 0.0000000000
2.6039000000 0.0000000000
2.6114000000 0.0000000000
2.6189000000 0.0000000000
2.6264000000 0.0000000000
2.6339000000 0.0000000000
2.6414000000 0.0000000000
2.6489000000 0.0000000000
2.6564000000 0.0000000000
2.6639000000 0.0000000000
2.6714000000 0.0000000000
2.6789000000 0.0000000000
2.6864000000 0.0000000000
2.6939000000 0.0000000000
2.7014000000 0.0000000000
2.7089000000 0.0000000000
2.7164000000 0.0000000000
2.7239000000 0.0000000000
2.7314000000 0.0000000000
2.7389000000 0.0000000000
2.7464000000 0.0000000000
2.7539000000 0.0000000000
2.7614000000 0.0000000000
2.7689000000 0.0000000000
2.7764000000 0.0000000000
2.7839000000 0.0000000000
2.7914000000 0.0000000000
2.7989000000 0.0000000000
2.8064000000 0.0000000000
2.8139000000 0.0000000000
2.8214000000 0.0000000000
2.8289000000 0.0000000000
2.8364000000 0.0000000000
2.8439000000 0.0000000000
2.8514000000 0.0000000000
2.8589000000 0.0000000000
2.8664000000 0.0000000000
2.8739000000 0.0000000000
2.8814000000 0.0000000000
2.8889000000 0.0000000000
2.8964000000 0.0000000000
2.9039000000 0.0000000000
2.9114000000 0.0000000000
2.9189000000 0.0000000000
2.9264000000 0.0000000000
2.9339000000 0.0000000000
2.9414000000 0.0000000000
2.9489000000 0.0000000000
2.9564000000 0.0000000000
2.9639000000 0.0000000000
2.9714000000 0.0000000000
2.9789000000 0.0000000000
2.9864000000 0.0000000000
2.9939000000 0.0000000000
3.0014000000 0.0000000000
3.0089000000 0.0000000000
3.0164000000 0.0000000000
3.0239000000 0.0000000000
3.0314000000 0.0000000000
3.0389000000 0.0000000000
3.0464000000 0.0000000000
3.0539000000 0.0000000000
3.0614000000 0.0000000000
3.0689000000 0.0000000000
3.0764000000 0.0000000000
3.0839000000 0.0000000000
3.0914000000 0.0000000000
3.0989000000 0.0000000000
3.1064000000 0.0000000000
3.1139000000 0.0000000000
3.1214000000 0.0000000000
3.1289000000 0.0000000000
3.1364000000 0.0000000000
3.1439000000 0.0000000000
3.1514000000 0.0000000000
3.1589000000 0.0000000000
3.1664000000 0.0000000000
3.1739000000 0.0000000000
3.1814000000 0.0000000000
3.1889000000 0.0000000000
3.1964000000 0.0000000000
3.2039000000 0.0000000000
3.2114000000 0.0000000001
3.2189000000 0.0000000001
3.2264000000 0.0000000001
3.2339000000 0.0000000001
3.2414000000 0.0000000001
3.2489000000 0.0000000002
3.2564000000 0.0000000002
3.2639000000 0.0000000003
3.2714000000 0.0000000003
3.2789000000 0.0000000004
3.2864000000 0.0000000005
3.2939000000 0.0000000006
3.3014000000 0.0000000008
3.3089000000 0.0000000010
3.3164000000 0.0000000012
3.3239000000 0.0000000015
3.3314000000 0.0000000018
3.3389000000 0.0000000023
3.3464000000 0.0000000028
3.3539000000 0.0000000034
3.3614000000 0.0000000042
3.3689000000 0.0000000052
3.3764000000 0.0000000063
3.3839000000 0.0000000077
3.3914000000 0.0000000095
3.3989000000 0.0000000116
3.4064000000 0.0000000142
3.4139000000 0.0000000173
3.4214000000 0.0000000211
3.4289000000 0.0000000258
3.4364000000 0.0000000314
3.4439000000 0.0000000383
3.4514000000 0.0000000466
3.4589000000 0.0000000566
3.4664000000 0.0000000688
3.4739000000 0.0000000836
3.4814000000 0.0000001015
3.4889000000 0.0000001231
3.4964000000 0.0000001492
3.5039000000 0.0000001807
3.5114000000 0.0000002187
3.5189000000 0.0000002645
3.5264000000 0.0000003197
3.5339000000 0.0000003861
3.5414000000 0.0000004660
3.5489000000 0.0000005621
3.5564000000 0.0000006774
3.5639000000 0.0000008159
3.5714000000 0.0000009820
3.5789000000 0.0000011810
3.5864000000 0.0000014194
3.5939000000 0.0000017047
3.6014000000 0.0000020460
3.6089000000 0.0000024538
3.6164000000 0.0000029408
3.6239000000 0.0000035220
3.6314000000 0.0000042152
3.6389000000 0.0000050411
3.6464000000 0.0000060248
3.6539000000 0.0000071952
3.6614000000 0.0000085871
3.6689000000 0.0000102409
3.6764000000 0.0000122047
3.6839000000 0.0000145348
3.6914000000 0.0000172977
3.6989000000 0.0000205713
3.7064000000 0.0000244472
3.7139000000 0.0000290329
3.7214000000 0.0000344546
3.7289000000 0.0000408601
3.7364000000 0.0000484223
3.7439000000 0.0000573437
3.7514000000 0.0000678612
3.7589000000 0.0000802511
3.7664000000 0.0000948366
3.7739000000 0.0001119941
3.7814000000 0.0001321628
3.7889000000 0.0001558539
3.7964000000 0.0001836628
3.8039000000 0.0002162813
3.8114000000 0.0002545140
3.8189000000 0.0002992946
3.8264000000 0.0003517068
3.8339000000 0.0004130070
3.8414000000 0.0004846504
3.8489000000 0.0005683220
3.8564000000 0.0006659705
3.8639000000 0.0007798485
3.8714000000 0.0009125572
3.8789000000 0.0010670988
3.8864000000 0.0012469350
3.8939000000 0.0014560546
3.9014000000 0.0016990500
3.9089000000 0.0019812046
3.9164000000 0.0023085919
3.9239000000 0.0026881882
3.9314000000 0.0031280007
3.9389000000 0.0036372124
3.9464000000 0.0042263471
3.9539000000 0.0049074550
3.9614000000 0.0056943237
3.9689000000 0.0066027165
3.9764000000 0.0076506408
3.9839000000 0.0088586520
3.9914000000 0.0102501954
3.9989000000 0.0118519910
4.0064000000 0.0136944677
4.0139000000 0.0158122499
4.0214000000 0.0182447054
4.0289000000 0.0210365594
4.0364000000 0.0242385839
4.0439000000 0.0279083685
4.0514000000 0.0321111848
4.0589000000 0.0369209516
4.0664000000 0.0424213143
4.0739000000 0.0487068485
4.0814000000 0.0558844035
4.0889000000 0.0640745977
4.0964000000 0.0734134843
4.1039000000 0.0840544027
4.1114000000 0.0961700359
4.1189000000 0.1099546936
4.1264000000 0.1256268445
4.1339000000 0.1434319208
4.1414000000 0.1636454232
4.1489000000 0.1865763529
4.1564000000 0.2125710039
4.1639000000 0.2420171467
4.1714000000 0.2753486424
4.1789000000 0.3130505231
4.1864000000 0.3556645830
4.1939000000 0.4037955240
4.2014000000 0.4581177039
4.2089000000 0.5193825402
4.2164000000 0.5884266232
4.2239000000 0.6661805985
4.2314000000 0.7536788817
4.2389000000 0.8520702722
4.2464000000 0.9626295363
4.2539000000 1.0867700373
4.2614000000 1.2260574897
4.2689000000 1.3822249237
4.2764000000 1.5571889487
4.2839000000 1.7530674078
4.2914000000 1.9721985242
4.2989000000 2.2171616398
4.3064000000 2.4907996550
4.3139000000 2.7962432818
4.3214000000 3.1369372265
4.3289000000 3.5166684228
4.3364000000 3.9395964422
4.3439000000 4.4102862082
4.3514000000 4.9337431505
4.3589000000 5.5154509325
4.3664000000 6.1614118932
4.3739000000 6.8781903449
4.3814000000 7.6729588695
4.3889000000 8.5535477586
4.3964000000 9.5284977440
4.4039000000 10.6071161619
4.4114000000 11.7995366957
4.4189000000 13.1167828404
4.4264000000 14.5708352253
4.4339000000 16.1747029320
4.4414000000 17.9424989336
4.4489000000 19.8895197798
4.4564000000 22.0323296392
4.4639000000 24.3888488020
4.4714000000 26.9784467358
4.4789000000 29.8220397701
4.4864000000 32.9421934731
4.4939000000 36.3632297640
4.5014000000 40.1113387855
4.5089000000 44.2146955398
4.5164000000 48.7035812649
4.5239000000 53.6105095044
4.5314000000 58.9703567907
4.5389000000 64.8204978352
4.5464000000 71.2009450793
4.5539000000 78.1544924264
4.5614000000 85.7268629361
4.5689000000 93.9668602164
4.5764000000 102.9265232087
4.5839000000 112.6612840105
4.5914000000 123.2301283336
4.5989000000 134.6957581389
4.6064000000 147.1247559412
4.6139000000 160.5877502137
4.6214000000 175.1595812690
4.6289000000 190.9194669301
4.6364000000 207.9511672436
4.6439000000 226.3431474246
4.6514000000 246.1887381598
4.6589000000 267.5862923267
4.6664000000 290.6393371283
4.6739000000 315.4567205709
4.6814000000 342.1527511542
4.6889000000 370.8473295755
4.6964000000 401.6660711925
4.7039000000 434.7404179242
4.7114000000 470.2077382196
4.7189000000 508.2114136628
4.7264000000 548.9009107408
4.7339000000 592.4318362503
4.7414000000 638.9659747813
4.7489000000 688.6713066830
4.7564000000 741.7220048878
4.7639000000 798.2984089521
4.7714000000 858.5869746568
4.7789000000 922.7801975111
4.7864000000 991.0765085072
4.7939000000 1063.6801404903
4.8014000000 1140.8009635344
4.8089000000 1222.6542877559
4.8164000000 1309.4606320418
4.8239000000 1401.4454572393
4.8314000000 1498.8388624232
4.8389000000 1601.8752429498
4.8464000000 1710.7929091103
4.8539000000 1825.8336643114
4.8614000000 1947.2423418433
4.8689000000 2075.2662994440
4.8764000000 2210.1548710254
4.8839000000 2352.1587751046
4.8914000000 2501.5294796731
4.8989000000 2658.5185234386
4.9064000000 2823.3767935922
4.9139000000 2996.3537604841
4.9214000000 3177.6966698310
4.9289000000 3367.6496933357
4.9364000000 3566.4530388606
4.9439000000 3774.3420215731
4.9514000000 3991.5460977620
4.9589000000 4218.2878633144
4.9664000000 4454.7820191355
4.9739000000 4701.2343060964
4.9814000000 4957.8404123909
4.9889000000 5224.7848564892
4.9964000000 5502.2398491716
5.0039000000 5790.3641384256
5.0114000000 6089.3018412777
5.0189000000 6399.1812669158
5.0264000000 6720.1137357301
5.0339000000 7052.1923991605
5.0414000000 7395.4910654856
5.0489000000 7750.0630369140
5.0564000000 8115.9399635509
5.0639000000 8493.1307199980
5.0714000000 8881.6203105088
5.0789000000 9281.3688087590
5.0864000000 9692.3103383982
5.0939000000 10114.3521006309
5.1014000000 10547.3734551175
5.1089000000 10991.2250604987
5.1164000000 11445.7280808261
5.1239000000 11910.6734641147
5.1314000000 12385.8212991415
5.1389000000 12870.9002564696
5.1464000000 13365.6071195043
5.1539000000 13869.6064111645
5.1614000000 14382.5301214978
5.1689000000 14903.9775412645
5.1764000000 15433.5152061769
5.1839000000 15970.6769561024
5.1914000000 16514.9641131163
5.1989000000 17065.8457818410
5.2064000000 17622.7592750111
5.2139000000 18185.1106666826
5.2214000000 18752.2754749477
5.2289000000 19323.5994754290
5.2364000000 19898.3996462182
5.2439000000 20475.9652442863
5.2514000000 21055.5590127399
5.2589000000 21636.4185176265
5.2664000000 22217.7576123073
5.2739000000 22798.7680267267
5.2814000000 23378.6210782077
5.2889000000 23956.4694997111
5.2964000000 24531.4493808023
5.3039000000 25102.6822158868
5.3114000000 25669.2770536106
5.3189000000 26230.3327406670
5.3264000000 26784.9402526283
5.3339000000 27332.1851038187
5.3414000000 27871.1498276770
5.3489000000 28400.9165185296
5.3564000000 28920.5694251966
5.3639000000 29429.1975864157
5.3714000000 29925.8974976610
5.3789000000 30409.7757985957
5.3864000000 30879.9519700966
5.3939000000 31335.5610295613
5.4014000000 31775.7562130289
5.4089000000 32199.7116325347
5.4164000000 32606.6248970696
5.4239000000 32995.7196855324
5.4314000000 33366.2482601428
5.4389000000 33717.4939089327
5.4464000000 34048.7733061472
5.4539000000 34359.4387796675
5.4614000000 34648.8804749080
5.4689000000 34916.5284050537
5.4764000000 35161.8543779653
5.4839000000 35384.3737906109
5.4914000000 35583.6472824639
5.4989000000 35759.2822399405
5.5064000000 35910.9341446369
5.5139000000 36038.3077588509
5.5214000000 36141.1581426462
5.5289000000 36219.2914975171
5.5364000000 36272.5658325524
5.5439000000 36300.8914498535
5.5514000000 36304.2312468462
5.5589000000 36282.6008340218
5.5664000000 36236.0684675459
5.5739000000 36164.7547970858
5.5814000000 36068.8324301094
5.5889000000 35948.5253148117
5.5964000000 35804.1079447050
5.6039000000 35635.9043887767
5.6114000000 35444.2871519607
5.6189000000 35229.6758714749
5.6264000000 34992.5358553585
5.6339000000 34733.3764702751
5.6414000000 34452.7493863445
5.6489000000 34151.2466874050
5.6564000000 33829.4988557082
5.6639000000 33488.1726405798
5.6714000000 33127.9688210624
5.6789000000 32749.6198729786
5.6864000000 32353.8875512044
5.6939000000 31941.5603982394
5.7014000000 31513.4511903901
5.7089000000 31070.3943330385
5.7164000000 30613.2432165723
5.7239000000 30142.8675445772
5.7314000000 29660.1506458605
5.7389000000 29165.9867817777
5.7464000000 28661.2784601699
5.7539000000 28146.9337670050
5.7614000000 27623.8637265305
5.7689000000 27092.9797004197
5.7764000000 26555.1908360024
5.7839000000 26011.4015732395
5.7914000000 25462.5092196242
5.7989000000 24909.4016016685
5.8064000000 24352.9548010823
5.8139000000 23794.0309831593
5.8214000000 23233.4763242685
5.8289000000 22672.1190447094
5.8364000000 22110.7675525275
5.8439000000 21550.2087032120
5.8514000000 20991.2061795150
5.8589000000 20434.4989949377
5.8664000000 19880.8001237391
5.8739000000 19330.7952596365
5.8814000000 18785.1417046819
5.8889000000 18244.4673891327
5.8964000000 17709.3700224789
5.9039000000 17180.4163751541
5.9114000000 16658.1416898439
5.9189000000 16143.0492207173
5.9264000000 15635.6098983484
5.9339000000 15136.2621175624
5.9414000000 14645.4116449480
5.9489000000 14163.4316423133
5.9564000000 13690.6628019385
5.9639000000 13227.4135890916
5.9714000000 12773.9605869220
5.9789000000 12330.5489385423
5.9864000000 11897.3928808346
5.9939000000 11474.6763642909
6.0014000000 11062.5537530084
6.0089000000 10661.1505988082
6.0164000000 10270.5644833374
6.0239000000 9890.8659219400
6.0314000000 9522.0993230460
6.0389000000 9164.2839968274
6.0464000000 8817.4152069023
6.0539000000 8481.4652589341
6.0614000000 8156.3846200678
6.0689000000 7842.1030632703
6.0764000000 7538.5308307907
6.0839000000 7245.5598111331
6.0914000000 6963.0647241298
6.0989000000 6690.9043089188
6.1064000000 6428.9225098671
6.1139000000 6176.9496557246
6.1214000000 5934.8036275620
6.1289000000 5702.2910113144
6.1364000000 5479.2082310368
6.1439000000 5265.3426592629
6.1514000000 5060.4737011544
6.1589000000 4864.3738494177
6.1664000000 4676.8097072653
6.1739000000 4497.5429769880
6.1814000000 4326.3314119972
6.1889000000 4162.9297304811
6.1964000000 4007.0904891006
6.2039000000 3858.5649154183
6.2114000000 3717.1036980240
6.2189000000 3582.4577335681
6.2264000000 3454.3788301625
6.2339000000 3332.6203668365
6.2414000000 3216.9379089592
6.2489000000 3107.0897797418
6.2564000000 3002.8375881341
6.2639000000 2903.9467136018
6.2714000000 2810.1867484458
6.2789000000 2721.3318984726
6.2864000000 2637.1613429670
6.2939000000 2557.4595550413
6.3014000000 2482.0165835506
6.3089000000 2410.6282978595
6.3164000000 2343.0965968331
6.3239000000 2279.2295834965
6.3314000000 2218.8417068710
6.3389000000 2161.7538725402
6.3464000000 2107.7935235418
6.3539000000 2056.7946932047
6.3614000000 2008.5980315702
6.3689000000 1963.0508070447
6.3764000000 1920.0068849283
6.3839000000 1879.3266844583
6.3914000000 1840.8771159854
6.3989000000 1804.5314998832
6.4064000000 1770.1694687559
6.4139000000 1737.6768544792
6.4214000000 1706.9455615663
6.4289000000 1677.8734283060
6.4364000000 1650.3640770761
6.4439000000 1624.3267551766
6.4514000000 1599.6761674795
6.4589000000 1576.3323021321
6.4664000000 1554.2202504918
6.4739000000 1533.2700224137
6.4814000000 1513.4163579484
6.4889000000 1494.5985364487
6.4964000000 1476.7601840215
6.5039000000 1459.8490802006
6.5114000000 1443.8169646549
6.5189000000 1428.6193446866
6.5264000000 1414.2153042169
6.5339000000 1400.5673148954
6.5414000000 1387.6410499163
6.5489000000 1375.4052010683
6.5564000000 1363.8312994909
6.5639000000 1352.8935405615
6.5714000000 1342.5686132840
6.5789000000 1332.8355345062
6.5864000000 1323.6754882440
6.5939000000 1315.0716703517
6.6014000000 1307.0091387306
6.6089000000 1299.4746692350
6.6164000000 1292.4566173921
6.6239000000 1285.9447860228
6.6314000000 1279.9302988129
6.6389000000 1274.4054798575
6.6464000000 1269.3637391695
6.6539000000 1264.7994641200
6.6614000000 1260.7079167507
6.6689000000 1257.0851368781
6.6764000000 1253.9278508886
6.6839000000 1251.2333861025
6.6914000000 1248.9995905719
6.6989000000 1247.2247581583
6.7064000000 1245.9075587256
6.7139000000 1245.0469732702
6.7214000000 1244.6422338006
6.7289000000 1244.6927677704
6.7364000000 1245.1981468606
6.7439000000 1246.1580399029
6.7514000000 1247.5721697288
6.7589000000 1249.4402737301
6.7664000000 1251.7620679098
6.7739000000 1254.5372142062
6.7814000000 1257.7652908717
6.7889000000 1261.4457656881
6.7964000000 1265.5779718062
6.8039000000 1270.1610859985
6.8114000000 1275.1941091200
6.8189000000 1280.6758485761
6.8264000000 1286.6049026052
6.8339000000 1292.9796461890
6.8414000000 1299.7982184118
6.8489000000 1307.0585110985
6.8564000000 1314.7581585713
6.8639000000 1322.8945283729
6.8714000000 1331.4647128149
6.8789000000 1340.4655212216
6.8864000000 1349.8934727491
6.8939000000 1359.7447896697
6.9014000000 1370.0153910273
6.9089000000 1380.7008865750
6.9164000000 1391.7965709230
6.9239000000 1403.2974178333
6.9314000000 1415.1980746111
6.9389000000 1427.4928565528
6.9464000000 1440.1757414239
6.9539000000 1453.2403639487
6.9614000000 1466.6800103068
6.9689000000 1480.4876126403
6.9764000000 1494.6557435866
6.9839000000 1509.1766108610
6.9914000000 1524.0420519216
6.9989000000 1539.2435287591
7.0064000000 1554.7721228603
7.0139000000 1570.6185304032
7.0214000000 1586.7730577450
7.0289000000 1603.2256172750
7.0364000000 1619.9657237028
7.0439000000 1636.9824908644
7.0514000000 1654.2646291242
7.0589000000 1671.8004434595
7.0664000000 1689.5778323133
7.0739000000 1707.5842873022
7.0814000000 1725.8068938663
7.0889000000 1744.2323329498
7.0964000000 1762.8468837940
7.1039000000 1781.6364279294
7.1114000000 1800.5864544435
7.1189000000 1819.6820666029
7.1264000000 1838.9079899004
7.1339000000 1858.2485815933
7.1414000000 1877.6878417952
7.1489000000 1897.2094261762
7.1564000000 1916.7966603179
7.1639000000 1936.4325557669
7.1714000000 1956.0998278187
7.1789000000 1975.7809150586
7.1864000000 1995.4580006773
7.1939000000 2015.1130355708
7.2014000000 2034.7277632261
7.2089000000 2054.2837463849
7.2164000000 2073.7623954713
7.2239000000 2093.1449987581
7.2314000000 2112.4127542399
7.2389000000 2131.5468031747
7.2464000000 2150.5282652437
7.2539000000 2169.3382752762
7.2614000000 2187.9580214756
7.2689000000 2206.3687850791
7.2764000000 2224.5519813736
7.2839000000 2242.4892019877
7.2914000000 2260.1622583737
7.2989000000 2277.5532263856
7.3064000000 2294.6444918597
7.3139000000 2311.4187970952
7.3214000000 2327.8592881342
7.3289000000 2343.9495627324
7.3364000000 2359.6737189140
7.3439000000 2375.0164039997
7.3514000000 2389.9628639961
7.3589000000 2404.4989932355
7.3664000000 2418.6113841515
7.3739000000 2432.2873770804
7.3814000000 2445.5151099735
7.3889000000 2458.2835679120
7.3964000000 2470.5826323123
7.4039000000 2482.4031297149
7.4114000000 2493.7368800484
7.4189000000 2504.5767442655
7.4264000000 2514.9166712478
7.4339000000 2524.7517438782
7.4414000000 2534.0782241848
7.4489000000 2542.8935974590
7.4564000000 2551.1966152564
7.4639000000 2558.9873371894
7.4714000000 2566.2671714248
7.4789000000 2573.0389137992
7.4864000000 2579.3067854730
7.4939000000 2585.0764690391
7.5014000000 2590.3551430122
7.5089000000 2595.1515146204
7.5164000000 2599.4758508285
7.5239000000 2603.3400075216
7.5314000000 2606.7574567792
7.5389000000 2609.7433121766
7.5464000000 2612.3143520467
7.5539000000 2614.4890406425
7.5614000000 2616.2875471402
7.5689000000 2617.7317624255
7.5764000000 2618.8453136096
7.5839000000 2619.6535762215
7.5914000000 2620.1836840293
7.5989000000 2620.4645364418
7.6064000000 2620.5268034499
7.6139000000 2620.4029280667
7.6214000000 2620.1271262301
7.6289000000 2619.7353841374
7.6364000000 2619.2654529837
7.6439000000 2618.7568410815
7.6514000000 2618.2508033434
7.6589000000 2617.7903281171
7.6664000000 2617.4201213654
7.6739000000 2617.1865881916
7.6814000000 2617.1378117174
7.6889000000 2617.3235293260
7.6964000000 2617.7951062932
7.7039000000 2618.6055068333
7.7114000000 2619.8092625975
7.7189000000 2621.4624386698
7.7264000000 2623.6225971124
7.7339000000 2626.3487581231
7.7414000000 2629.7013588745
7.7489000000 2633.7422101127
7.7564000000 2638.5344506032
7.7639000000 2644.1424995181
7.7714000000 2650.6320068686
7.7789000000 2658.0698020910
7.7864000000 2666.5238409062
7.7939000000 2676.0631505736
7.8014000000 2686.7577736720
7.8089000000 2698.6787105394
7.8164000000 2711.8978605128
7.8239000000 2726.4879621090
7.8314000000 2742.5225322901
7.8389000000 2760.0758049613
7.8464000000 2779.2226688442
7.8539000000 2800.0386048700
7.8614000000 2822.5996232344
7.8689000000 2846.9822002505
7.8764000000 2873.2632151318
7.8839000000 2901.5198868276
7.8914000000 2931.8297110302
7.8989000000 2964.2703974549
7.9064000000 2998.9198074917
7.9139000000 3035.8558923053
7.9214000000 3075.1566314536
7.9289000000 3116.8999720734
7.9364000000 3161.1637686678
7.9439000000 3208.0257235105
7.9514000000 3257.5633276637
7.9589000000 3309.8538025839
7.9664000000 3364.9740422721
7.9739000000 3423.0005558992
7.9814000000 3484.0094108192
7.9889000000 3548.0761758558
7.9964000000 3615.2758647299
8.0039000000 3685.6828794693
8.0114000000 3759.3709536215
8.0189000000 3836.4130950690
8.0264000000 3916.8815282256
8.0339000000 4000.8476353714
8.0414000000 4088.3818968682
8.0489000000 4179.5538299787
8.0564000000 4274.4319259976
8.0639000000 4373.0835853938
8.0714000000 4475.5750506459
8.0789000000 4581.9713364541
8.0864000000 4692.3361569984
8.0939000000 4806.7318499180
8.1014000000 4925.2192966844
8.1089000000 5047.8578390473
8.1164000000 5174.7051912415
8.1239000000 5305.8173476539
8.1314000000 5441.2484856681
8.1389000000 5581.0508634235
8.1464000000 5725.2747122489
8.1539000000 5873.9681235631
8.1614000000 6027.1769300626
8.1689000000 6184.9445810572
8.1764000000 6347.3120118526
8.1839000000 6514.3175071246
8.1914000000 6685.9965582771
8.1989000000 6862.3817148280
8.2064000000 7043.5024299215
8.2139000000 7229.3849001243
8.2214000000 7420.0518997219
8.2289000000 7615.5226097959
8.2364000000 7815.8124424261
8.2439000000 8020.9328604296
8.2514000000 8230.8911931137
8.2589000000 8445.6904485904
8.2664000000 8665.3291232653
8.2739000000 8889.8010091833
8.2814000000 9119.0949999776
8.2889000000 9353.1948962370
8.2964000000 9592.0792111641
8.3039000000 9835.7209774611
8.3114000000 10084.0875564333
8.3189000000 10337.1404503546
8.3264000000 10594.8351191855
8.3339000000 10857.1208027772
8.3414000000 11123.9403497331
8.3489000000 11395.2300541267
8.3564000000 11670.9195013016
8.3639000000 11950.9314239932
8.3714000000 12235.1815700219
8.3789000000 12523.5785828054
8.3864000000 12816.0238959340
8.3939000000 13112.4116430293
8.4014000000 13412.6285840880
8.4089000000 13716.5540494705
8.4164000000 14024.0599026545
8.4239000000 14335.0105228165
8.4314000000 14649.2628082419
8.4389000000 14966.6662014933
8.4464000000 15287.0627371812
8.4539000000 15610.2871130950
8.4614000000 15936.1667853505
8.4689000000 16264.5220881050
8.4764000000 16595.1663782740
8.4839000000 16927.9062055661
8.4914000000 17262.5415080206
8.4989000000 17598.8658331024
8.5064000000 17936.6665842680
8.5139000000 18275.7252927766
8.5214000000 18615.8179143723
8.5289000000 18956.7151503193
8.5364000000 19298.1827921197
8.5439000000 19639.9820890988
8.5514000000 19981.8701378917
8.5589000000 20323.6002927216
8.5664000000 20664.9225952166
8.5739000000 21005.5842223743
8.5814000000 21345.3299511507
8.5889000000 21683.9026380212
8.5964000000 22021.0437117479
8.6039000000 22356.4936774694
8.6114000000 22689.9926301367
8.6189000000 23021.2807752213
8.6264000000 23350.0989545471
8.6339000000 23676.1891750295
8.6414000000 23999.2951380495
8.6489000000 24319.1627671532
8.6564000000 24635.5407317382
8.6639000000 24948.1809643767
8.6714000000 25256.8391694305
8.6789000000 25561.2753206281
8.6864000000 25861.2541453101
8.6939000000 26156.5455930960
8.7014000000 26446.9252867908
8.7089000000 26732.1749534287
8.7164000000 27012.0828334425
8.7239000000 27286.4440660585
8.7314000000 27555.0610491348
8.7389000000 27817.7437717962
8.7464000000 28074.3101183660
8.7539000000 28324.5861422499
8.7614000000 28568.4063085972
8.7689000000 28805.6137047380
8.7764000000 29036.0602175837
8.7839000000 29259.6066773635
8.7914000000 29476.1229672700
8.7989000000 29685.4880987856
8.8064000000 29887.5902526634
8.8139000000 30082.3267857391
8.8214000000 30269.6042039567
8.8289000000 30449.3381021864
8.8364000000 30621.4530716159
8.8439000000 30785.8825756855
8.8514000000 30942.5687957246
8.8589000000 31091.4624476265
8.8664000000 31232.5225710664
8.8739000000 31365.7162929282
8.8814000000 31491.0185667511
8.8889000000 31608.4118901452
8.8964000000 31717.8860022418
8.9039000000 31819.4375633556
8.9114000000 31913.0698191247
8.9189000000 31998.7922514690
8.9264000000 32076.6202187678
8.9339000000 32146.5745876992
8.9414000000 32208.6813592069
8.9489000000 32262.9712910671
8.9564000000 32309.4795195211
8.9639000000 32348.2451824056
8.9714000000 32379.3110461747
8.9789000000 32402.7231391413
8.9864000000 32418.5303931915
8.9939000000 32426.7842961319
9.0014000000 32427.5385567223
9.0089000000 32420.8487843281
9.0164000000 32406.7721849889
9.0239000000 32385.3672755606
9.0314000000 32356.6936174288
9.0389000000 32320.8115711282
9.0464000000 32277.7820730338
9.0539000000 32227.6664351070
9.0614000000 32170.5261684995
9.0689000000 32106.4228316316
9.0764000000 32035.4179031713
9.0839000000 31957.5726801524
9.0914000000 31872.9482012834
9.0989000000 31781.6051953092
9.1064000000 31683.6040541110
9.1139000000 31579.0048300486
9.1214000000 31467.8672568810
9.1289000000 31350.2507934379
9.1364000000 31226.2146890614
9.1439000000 31095.8180696910
9.1514000000 30959.1200433342
9.1589000000 30816.1798235406
9.1664000000 30667.0568693900
9.1739000000 30511.8110404059
9.1814000000 30350.5027647256
9.1889000000 30183.1932187869
9.1964000000 30009.9445167362
9.2039000000 29830.8199077229
9.2114000000 29645.8839792182
9.2189000000 29455.2028644832
9.2264000000 29258.8444523140
9.2339000000 29056.8785972051
9.2414000000 28849.3773281037
9.2489000000 28636.4150539646
9.2564000000 28418.0687643729
9.2639000000 28194.4182235633
9.2714000000 27965.5461562414
9.2789000000 27731.5384236978
9.2864000000 27492.4841887971
9.2939000000 27248.4760685301
9.3014000000 26999.6102729209
9.3089000000 26745.9867291989
9.3164000000 26487.7091902630
9.3239000000 26224.8853265891
9.3314000000 25957.6268008571
9.3389000000 25686.0493247008
9.3464000000 25410.2726971135
9.3539000000 25130.4208241670
9.3614000000 24846.6217198309
9.3689000000 24559.0074878007
9.3764000000 24267.7142843657
9.3839000000 23972.8822624638
9.3914000000 23674.6554971830
9.3989000000 23373.1818930762
9.4064000000 23068.6130737573
9.4139000000 22761.1042543406
9.4214000000 22450.8140973743
9.4289000000 22137.9045529972
9.4364000000 21822.5406841235
9.4439000000 21504.8904775224
9.4514000000 21185.1246417180
9.4589000000 20863.4163926844
9.4664000000 20539.9412283498
9.4739000000 20214.8766929577
9.4814000000 19888.4021323588
9.4889000000 19560.6984413240
9.4964000000 19231.9478039773
9.5039000000 18902.3334284547
9.5114000000 18572.0392768863
9.5189000000 18241.2497917928
9.5264000000 17910.1496199685
9.5339000000 17578.9233349038
9.5414000000 17247.7551587720
9.5489000000 16916.8286849739
9.5564000000 16586.3266022001
9.5639000000 16256.4304209314
9.5714000000 15927.3202032551
9.5789000000 15599.1742968315
9.5864000000 15272.1690737998
9.5939000000 14946.4786753619
9.6014000000 14622.2747627367
9.6089000000 14299.7262751247
9.6164000000 13978.9991952751
9.6239000000 13660.2563231966
9.6314000000 13343.6570585027
9.6389000000 13029.3571918355
9.6464000000 12717.5087057620
9.6539000000 12408.2595854914
9.6614000000 12101.7536397162
9.6689000000 11798.1303318379
9.6764000000 11497.5246217926
9.6839000000 11200.0668186572
9.6914000000 10905.8824441735
9.6989000000 10615.0921072954
9.7064000000 10327.8113898294
9.7139000000 10044.1507432052
9.7214000000 9764.2153963851
9.7289000000 9488.1052748927
9.7364000000 9215.9149309140
9.7439000000 8947.7334844005
9.7514000000 8683.6445750820
9.7589000000 8423.7263252742
9.7664000000 8168.0513133471
9.7739000000 7916.6865577030
9.7814000000 7669.6935110950
9.7889000000 7427.1280650997
9.7964000000 7189.0405645469
9.8039000000 6955.4758316896
9.8114000000 6726.4731998901
9.8189000000 6502.0665565805
9.8264000000 6282.2843952475
9.8339000000 6067.1498761783
9.8414000000 5856.6808956937
9.8489000000 5650.8901635844
9.8564000000 5449.7852884551
9.8639000000 5253.3688706733
9.8714000000 5061.6386026075
9.8789000000 4874.5873758316
9.8864000000 4692.2033949646
9.8939000000 4514.4702978018
9.9014000000 4341.3672813903
9.9089000000 4172.8692336912
9.9164000000 4008.9468704619
9.9239000000 3849.5668769883
9.9314000000 3694.6920542873
9.9389000000 3544.2814693950
9.9464000000 3398.2906093508
9.9539000000 3256.6715384833
9.9614000000 3119.3730585985
9.9689000000 2986.3408716702
9.9764000000 2857.5177446285
9.9839000000 2732.8436758416
9.9914000000 2612.2560628874
9.9989000000 2495.6898712103
10.0064000000 2383.0778032623
10.0139000000 2274.3504677304
10.0214000000 2169.4365484560
10.0289000000 2068.2629726600
10.0364000000 1970.7550780903
10.0439000000 1876.8367787211
10.0514000000 1786.4307286389
10.0589000000 1699.4584837630
10.0664000000 1615.8406610594
10.0739000000 1535.4970949184
10.0814000000 1458.3469903833
10.0889000000 1384.3090729289
10.0964000000 1313.3017345065
10.1039000000 1245.2431755892
10.1114000000 1180.0515429669
10.1189000000 1117.6450630608
10.1264000000 1057.9421705444
10.1339000000 1000.8616320795
10.1414000000 946.3226649931
10.1489000000 894.2450507431
10.1564000000 844.5492430411
10.1639000000 797.1564705208
10.1714000000 751.9888338597
10.1789000000 708.9693972863
10.1864000000 668.0222744207
10.1939000000 629.0727084193
10.2014000000 592.0471464144
10.2089000000 556.8733082568
10.2164000000 523.4802495887
10.2239000000 491.7984192943
10.2314000000 461.7597113898
10.2389000000 433.2975114331
10.2464000000 406.3467375486
10.2539000000 380.8438761765
10.2614000000 356.7270126715
10.2689000000 333.9358568876
10.2764000000 312.4117638961
10.2839000000 292.0977499988
10.2914000000 272.9385042028
10.2989000000 254.8803953361
10.3064000000 237.8714749885
10.3139000000 221.8614764692
10.3214000000 206.8018099780
10.3289000000 192.6455541919
10.3364000000 179.3474444694
10.3439000000 166.8638578814
10.3514000000 155.1527952746
10.3589000000 144.1738605759
10.3664000000 133.8882375456
10.3739000000 124.2586641838
10.3814000000 115.2494049954
10.3889000000 106.8262213124
10.3964000000 98.9563398710
10.4039000000 91.6084198355
10.4114000000 84.7525184559
10.4189000000 78.3600555412
10.4264000000 72.4037769239
10.4339000000 66.8577170834
10.4414000000 61.6971610930
10.4489000000 56.8986060426
10.4564000000 52.4397220874
10.4639000000 48.2993132601
10.4714000000 44.4572781803
10.4789000000 40.8945707850
10.4864000000 37.5931611961
10.4939000000 34.5359968338
10.5014000000 31.7069638752
10.5089000000 29.0908491529
10.5164000000 26.6733025752
10.5239000000 24.4408001479
10.5314000000 22.3806076657
10.5389000000 20.4807451361
10.5464000000 18.7299519914
10.5539000000 17.1176531372
10.5614000000 15.6339258787
10.5689000000 14.2694677625
10.5764000000 13.0155653610
10.5839000000 11.8640640266
10.5914000000 10.8073386309
10.5989000000 9.8382653063
10.6064000000 8.9501941961
10.6139000000 8.1369232184
10.6214000000 7.3926728457
10.6289000000 6.7120618943
10.6364000000 6.0900843182
10.6439000000 5.5220869978
10.6514000000 5.0037485086
10.6589000000 4.5310588564
10.6664000000 4.1003001597
10.6739000000 3.7080282605
10.6814000000 3.3510552399
10.6889000000 3.0264328179
10.6964000000 2.7314366101
10.7039000000 2.4635512175
10.7114000000 2.2204561219
10.7189000000 2.0000123592
10.7264000000 1.8002499444
10.7339000000 1.6193560177
10.7414000000 1.4556636856
10.7489000000 1.3076415273
10.7564000000 1.1738837378
10.7639000000 1.0531008808
10.7714000000 0.9441112222
10.7789000000 0.8458326173
10.7864000000 0.7572749253
10.7939000000 0.6775329230
10.8014000000 0.6057796941
10.8089000000 0.5412604667
10.8164000000 0.4832868769
10.8239000000 0.4312316323
10.8314000000 0.3845235552
10.8389000000 0.3426429814
10.8464000000 0.3051174941
10.8539000000 0.2715179735
10.8614000000 0.2414549403
10.8689000000 0.2145751776
10.8764000000 0.1905586101
10.8839000000 0.1691154262
10.8914000000 0.1499834258
10.8989000000 0.1329255782
10.9064000000 0.1177277763
10.9139000000 0.1041967736
10.9214000000 0.0921582895
10.9289000000 0.0814552726
10.9364000000 0.0719463094
10.9439000000 0.0635041676
10.9514000000 0.0560144645
10.9589000000 0.0493744502
10.9664000000 0.0434918970
10.9739000000 0.0382840873
10.9814000000 0.0336768908
10.9889000000 0.0296039255
10.9964000000 0.0260057941
11.0039000000 0.0228293909
11.0114000000 0.0200272722
11.0189000000 0.0175570859
11.0264000000 0.0153810547
11.0339000000 0.0134655079
11.0414000000 0.0117804584
11.0489000000 0.0102992209
11.0564000000 0.0089980661
11.0639000000 0.0078559101
11.0714000000 0.0068540340
11.0789000000 0.0059758314
11.0864000000 0.0052065811
11.0939000000 0.0045332438
11.1014000000 0.0039442784
11.1089000000 0.0034294778
11.1164000000 0.0029798218
11.1239000000 0.0025873452
11.1314000000 0.0022450196
11.1389000000 0.0019466483
11.1464000000 0.0016867720
11.1539000000 0.0014605845
11.1614000000 0.0012638583
11.1689000000 0.0010928771
11.1764000000 0.0009443772
11.1839000000 0.0008154940
11.1914000000 0.0007037154
11.1989000000 0.0006068402
11.2064000000 0.0005229408
11.2139000000 0.0004503307
11.2214000000 0.0003875354
11.2289000000 0.0003332666
11.2364000000 0.0002863999
11.2439000000 0.0002459543
11.2514000000 0.0002110749
11.2589000000 0.0001810169
11.2664000000 0.0001551322
11.2739000000 0.0001328572
11.2814000000 0.0001137021
11.2889000000 0.0000972416
11.2964000000 0.0000831067
11.3039000000 0.0000709773
11.3114000000 0.0000605764
11.3189000000 0.0000516639
11.3264000000 0.0000440322
11.3339000000 0.0000375020
11.3414000000 0.0000319181
11.3489000000 0.0000271469
11.3564000000 0.0000230729
11.3639000000 0.0000195968
11.3714000000 0.0000166328
11.3789000000 0.0000141074
11.3864000000 0.0000119572
11.3939000000 0.0000101276
11.4014000000 0.0000085721
11.4089000000 0.0000072505
11.4164000000 0.0000061284
11.4239000000 0.0000051763
11.4314000000 0.0000043692
11.4389000000 0.0000036853
11.4464000000 0.0000031063
11.4539000000 0.0000026165
11.4614000000 0.0000022024
11.4689000000 0.0000018525
11.4764000000 0.0000015572
11.4839000000 0.0000013080
11.4914000000 0.0000010979
11.4989000000 0.0000009210
11.5064000000 0.0000007720
11.5139000000 0.0000006466
11.5214000000 0.0000005413
11.5289000000 0.0000004528
11.5364000000 0.0000003785
11.5439000000 0.0000003162
11.5514000000 0.0000002639
11.5589000000 0.0000002202
11.5664000000 0.0000001835
11.5739000000 0.0000001529
11.5814000000 0.0000001273
11.5889000000 0.0000001059
11.5964000000 0.0000000880
11.6039000000 0.0000000731
11.6114000000 0.0000000607
11.6189000000 0.0000000503
11.6264000000 0.0000000417
11.6339000000 0.0000000346
11.6414000000 0.0000000286
11.6489000000 0.0000000237
11.6564000000 0.0000000196
11.6639000000 0.0000000162
11.6714000000 0.0000000133
11.6789000000 0.0000000110
11.6864000000 0.0000000091
11.6939000000 0.0000000075
11.7014000000 0.0000000062
11.7089000000 0.0000000051
11.7164000000 0.0000000042
11.7239000000 0.0000000034
11.7314000000 0.0000000028
11.7389000000 0.0000000023
11.7464000000 0.0000000019
11.7539000000 0.0000000015
11.7614000000 0.0000000013
11.7689000000 0.0000000010
11.7764000000 0.0000000008
11.7839000000 0.0000000007
11.7914000000 0.0000000006
11.7989000000 0.0000000005
11.8064000000 0.0000000004
11.8139000000 0.0000000003
11.8214000000 0.0000000002
11.8289000000 0.0000000002
11.8364000000 0.0000000002
11.8439000000 0.0000000001
11.8514000000 0.0000000001
11.8589000000 0.0000000001
11.8664000000 0.0000000001
11.8739000000 0.0000000001
11.8814000000 0.0000000000
11.8889000000 0.0000000000
11.8964000000 0.0000000000
11.9039000000 0.0000000000
11.9114000000 0.0000000000
11.9189000000 0.0000000000
11.9264000000 0.0000000000
11.9339000000 0.0000000000
11.9414000000 0.0000000000
11.9489000000 0.0000000000
11.9564000000 0.0000000000
11.9639000000 0.0000000000
11.9714000000 0.0000000000
11.9789000000 0.0000000000
11.9864000000 0.0000000000
11.9939000000 0.0000000000
12.0014000000 0.0000000000
12.0089000000 0.0000000000
12.0164000000 0.0000000000
12.0239000000 0.0000000000
12.0314000000 0.0000000000
12.0389000000 0.0000000000
12.0464000000 0.0000000000
12.0539000000 0.0000000000
12.0614000000 0.0000000000
12.0689000000 0.0000000000
12.0764000000 0.0000000000
12.0839000000 0.0000000000
12.0914000000 0.0000000000
12.0989000000 0.0000000000
12.1064000000 0.0000000000
12.1139000000 0.0000000000
12.1214000000 0.0000000000
12.1289000000 0.0000000000
12.1364000000 0.0000000000
12.1439000000 0.0000000000
12.1514000000 0.0000000000
12.1589000000 0.0000000000
12.1664000000 0.0000000000
12.1739000000 0.0000000000
12.1814000000 0.0000000000
12.1889000000 0.0000000000
12.1964000000 0.0000000000
12.2039000000 0.0000000000
12.2114000000 0.0000000000
12.2189000000 0.0000000000
12.2264000000 0.0000000000
12.2339000000 0.0000000000
12.2414000000 0.0000000000
12.2489000000 0.0000000000
12.2564000000 0.0000000000
12.2639000000 0.0000000000
12.2714000000 0.0000000000
12.2789000000 0.0000000000
12.2864000000 0.0000000000
12.2939000000 0.0000000000
12.3014000000 0.0000000000
12.3089000000 0.0000000000
12.3164000000 0.0000000000
12.3239000000 0.0000000000
12.3314000000 0.0000000000
12.3389000000 0.0000000000
12.3464000000 0.0000000000
12.3539000000 0.0000000000
12.3614000000 0.0000000000
12.3689000000 0.0000000000
12.3764000000 0.0000000000
12.3839000000 0.0000000000
12.3914000000 0.0000000000
12.3989000000 0.0000000000
12.4064000000 0.0000000000
12.4139000000 0.0000000000
12.4214000000 0.0000000000
12.4289000000 0.0000000000
12.4364000000 0.0000000000
12.4439000000 0.0000000000
12.4514000000 0.0000000000
12.4589000000 0.0000000000
12.4664000000 0.0000000000
12.4739000000 0.0000000000
12.4814000000 0.0000000000
12.4889000000 0.0000000000
12.4964000000 0.0000000000
12.5039000000 0.0000000000
12.5114000000 0.0000000000
12.5189000000 0.0000000000
12.5264000000 0.0000000000
12.5339000000 0.0000000000
12.5414000000 0.0000000000
12.5489000000 0.0000000000
12.5564000000 0.0000000000
12.5639000000 0.0000000000
12.5714000000 0.0000000000
12.5789000000 0.0000000000
12.5864000000 0.0000000000
12.5939000000 0.0000000000
12.6014000000 0.0000000000
12.6089000000 0.0000000000
12.6164000000 0.0000000000
12.6239000000 0.0000000000
12.6314000000 0.0000000000
12.6389000000 0.0000000000
12.6464000000 0.0000000000
12.6539000000 0.0000000000
12.6614000000 0.0000000000
12.6689000000 0.0000000000
12.6764000000 0.0000000000
12.6839000000 0.0000000000
12.6914000000 0.0000000000
12.6989000000 0.0000000000
12.7064000000 0.0000000000
12.7139000000 0.0000000000
12.7214000000 0.0000000000
12.7289000000 0.0000000000
12.7364000000 0.0000000000
12.7439000000 0.0000000000
12.7514000000 0.0000000000
12.7589000000 0.0000000000
12.7664000000 0.0000000000
12.7739000000 0.0000000000
12.7814000000 0.0000000000
12.7889000000 0.0000000000
12.7964000000 0.0000000000
12.8039000000 0.0000000000
12.8114000000 0.0000000000
12.8189000000 0.0000000000
12.8264000000 0.0000000000
12.8339000000 0.0000000000
12.8414000000 0.0000000000
12.8489000000 0.0000000000
12.8564000000 0.0000000000
12.8639000000 0.0000000000
12.8714000000 0.0000000000
12.8789000000 0.0000000000
12.8864000000 0.0000000000
12.8939000000 0.0000000000
12.9014000000 0.0000000000
12.9089000000 0.0000000000
12.9164000000 0.0000000000
12.9239000000 0.0000000000
12.9314000000 0.0000000000
12.9389000000 0.0000000000
12.9464000000 0.0000000000
12.9539000000 0.0000000000
12.9614000000 0.0000000000
12.9689000000 0.0000000000
12.9764000000 0.0000000000
12.9839000000 0.0000000000
12.9914000000 0.0000000000
12.9989000000 0.0000000000
13.0064000000 0.0000000000
13.0139000000 0.0000000000
13.0214000000 0.0000000000
13.0289000000 0.0000000000
13.0364000000 0.0000000000
13.0439000000 0.0000000000
13.0514000000 0.0000000000
13.0589000000 0.0000000000
13.0664000000 0.0000000000
13.0739000000 0.0000000000
13.0814000000 0.0000000000
13.0889000000 0.0000000000
13.0964000000 0.0000000000
13.1039000000 0.0000000000
13.1114000000 0.0000000000
13.1189000000 0.0000000000
13.1264000000 0.0000000000
13.1339000000 0.0000000000
13.1414000000 0.0000000000
13.1489000000 0.0000000000
13.1564000000 0.0000000000
13.1639000000 0.0000000000
13.1714000000 0.0000000000
13.1789000000 0.0000000000
13.1864000000 0.0000000000
13.1939000000 0.0000000000
13.2014000000 0.0000000000
13.2089000000 0.0000000000
13.2164000000 0.0000000000
13.2239000000 0.0000000000
13.2314000000 0.0000000000
13.2389000000 0.0000000000
13.2464000000 0.0000000000
13.2539000000 0.0000000000
13.2614000000 0.0000000000
13.2689000000 0.0000000000
13.2764000000 0.0000000000
13.2839000000 0.0000000000
13.2914000000 0.0000000000
13.2989000000 0.0000000000
13.3064000000 0.0000000000
13.3139000000 0.0000000000
13.3214000000 0.0000000000
13.3289000000 0.0000000000
13.3364000000 0.0000000000
13.3439000000 0.0000000000
13.3514000000 0.0000000000
13.3589000000 0.0000000000
13.3664000000 0.0000000000
13.3739000000 0.0000000000
13.3814000000 0.0000000000
13.3889000000 0.0000000000
13.3964000000 0.0000000000
13.4039000000 0.0000000000
13.4114000000 0.0000000000
13.4189000000 0.0000000000
13.4264000000 0.0000000000
13.4339000000 0.0000000000
13.4414000000 0.0000000000
13.4489000000 0.0000000000
13.4564000000 0.0000000000
13.4639000000 0.0000000000
13.4714000000 0.0000000000
13.4789000000 0.0000000000
13.4864000000 0.0000000000
13.4939000000 0.0000000000
13.5014000000 0.0000000000
13.5089000000 0.0000000000
13.5164000000 0.0000000000
13.5239000000 0.0000000000
13.5314000000 0.0000000000
13.5389000000 0.0000000000
13.5464000000 0.0000000000
13.5539000000 0.0000000000
13.5614000000 0.0000000000
13.5689000000 0.0000000000
13.5764000000 0.0000000000
13.5839000000 0.0000000000
13.5914000000 0.0000000000
13.5989000000 0.0000000000
13.6064000000 0.0000000000
13.6139000000 0.0000000000
13.6214000000 0.0000000000
13.6289000000 0.0000000000
13.6364000000 0.0000000000
13.6439000000 0.0000000000
13.6514000000 0.0000000000
13.6589000000 0.0000000000
13.6664000000 0.0000000000
13.6739000000 0.0000000000
13.6814000000 0.0000000000
13.6889000000 0.0000000000
13.6964000000 0.0000000000
13.7039000000 0.0000000000
13.7114000000 0.0000000000
13.7189000000 0.0000000000
13.7264000000 0.0000000000
13.7339000000 0.0000000000
13.7414000000 0.0000000000
13.7489000000 0.0000000000
13.7564000000 0.0000000000
13.7639000000 0.0000000000
13.7714000000 0.0000000000
13.7789000000 0.0000000000
13.7864000000 0.0000000000
13.7939000000 0.0000000000
13.8014000000 0.0000000000
13.8089000000 0.0000000000
13.8164000000 0.0000000000
13.8239000000 0.0000000000
13.8314000000 0.0000000000
13.8389000000 0.0000000000
13.8464000000 0.0000000000
13.8539000000 0.0000000000
13.8614000000 0.0000000000
13.8689000000 0.0000000000
13.8764000000 0.0000000000
13.8839000000 0.0000000000
13.8914000000 0.0000000000
13.8989000000 0.0000000000
13.9064000000 0.0000000000
13.9139000000 0.0000000000
13.9214000000 0.0000000000
13.9289000000 0.0000000000
13.9364000000 0.0000000000
13.9439000000 0.0000000000
13.9514000000 0.0000000000
13.9589000000 0.0000000000
13.9664000000 0.0000000000
13.9739000000 0.0000000000
13.9814000000 0.0000000000
13.9889000000 0.0000000000
13.9964000000 0.0000000000
14.0039000000 0.0000000000
14.0114000000 0.0000000000
14.0189000000 0.0000000000
14.0264000000 0.0000000000
14.0339000000 0.0000000000
14.0414000000 0.0000000000
14.0489000000 0.0000000000
14.0564000000 0.0000000000
14.0639000000 0.0000000000
14.0714000000 0.0000000000
14.0789000000 0.0000000000
14.0864000000 0.0000000000
14.0939000000 0.0000000000
14.1014000000 0.0000000000
14.1089000000 0.0000000000
14.1164000000 0.0000000000
14.1239000000 0.0000000000
14.1314000000 0.0000000000
14.1389000000 0.0000000000
14.1464000000 0.0000000000
14.1539000000 0.0000000000
14.1614000000 0.0000000000
14.1689000000 0.0000000000
14.1764000000 0.0000000000
14.1839000000 0.0000000000
14.1914000000 0.0000000000
14.1989000000 0.0000000000
14.2064000000 0.0000000000
14.2139000000 0.0000000000
14.2214000000 0.0000000000
14.2289000000 0.0000000000
14.2364000000 0.0000000000
14.2439000000 0.0000000000
14.2514000000 0.0000000000
14.2589000000 0.0000000000
14.2664000000 0.0000000000
14.2739000000 0.0000000000
14.2814000000 0.0000000000
14.2889000000 0.0000000000
14.2964000000 0.0000000000
14.3039000000 0.0000000000
14.3114000000 0.0000000000
14.3189000000 0.0000000000
14.3264000000 0.0000000000
14.3339000000 0.0000000000
14.3414000000 0.0000000000
14.3489000000 0.0000000000
14.3564000000 0.0000000000
14.3639000000 0.0000000000
14.3714000000 0.0000000000
14.3789000000 0.0000000000
14.3864000000 0.0000000000
14.3939000000 0.0000000000
14.4014000000 0.0000000000
14.4089000000 0.0000000000
14.4164000000 0.0000000000
14.4239000000 0.0000000000
14.4314000000 0.0000000000
14.4389000000 0.0000000000
14.4464000000 0.0000000000
14.4539000000 0.0000000000
14.4614000000 0.0000000000
14.4689000000 0.0000000000
14.4764000000 0.0000000000
14.4839000000 0.0000000000
14.4914000000 0.0000000000
14.4989000000 0.0000000000
14.5064000000 0.0000000000
14.5139000000 0.0000000000
14.5214000000 0.0000000000
14.5289000000 0.0000000000
14.5364000000 0.0000000000
14.5439000000 0.0000000000
14.5514000000 0.0000000000
14.5589000000 0.0000000000
14.5664000000 0.0000000000
14.5739000000 0.0000000000
14.5814000000 0.0000000000
14.5889000000 0.0000000000
14.5964000000 0.0000000000
14.6039000000 0.0000000000
14.6114000000 0.0000000000
14.6189000000 0.0000000000
14.6264000000 0.0000000000
14.6339000000 0.0000000000
14.6414000000 0.0000000000
14.6489000000 0.0000000000
14.6564000000 0.0000000000
14.6639000000 0.0000000000
14.6714000000 0.0000000000
14.6789000000 0.0000000000
14.6864000000 0.0000000000
14.6939000000 0.0000000000
14.7014000000 0.0000000000
14.7089000000 0.0000000000
14.7164000000 0.0000000000
14.7239000000 0.0000000000
14.7314000000 0.0000000000
14.7389000000 0.0000000000
14.7464000000 0.0000000000
14.7539000000 0.0000000000
14.7614000000 0.0000000000
14.7689000000 0.0000000000
14.7764000000 0.0000000000
14.7839000000 0.0000000000
14.7914000000 0.0000000000
14.7989000000 0.0000000000
14.8064000000 0.0000000000
14.8139000000 0.0000000000
14.8214000000 0.0000000000
14.8289000000 0.0000000000
14.8364000000 0.0000000000
14.8439000000 0.0000000000
14.8514000000 0.0000000000
14.8589000000 0.0000000000
14.8664000000 0.0000000000
14.8739000000 0.0000000000
14.8814000000 0.0000000000
14.8889000000 0.0000000000
14.8964000000 0.0000000000
14.9039000000 0.0000000000
14.9114000000 0.0000000000
14.9189000000 0.0000000000
14.9264000000 0.0000000000
14.9339000000 0.0000000000
14.9414000000 0.0000000000
14.9489000000 0.0000000000
14.9564000000 0.0000000000
14.9639000000 0.0000000000
14.9714000000 0.0000000000
14.9789000000 0.0000000000
14.9864000000 0.0000000000
14.9939000000 0.0000000000
15.0014000000 0.0000000000
15.0089000000 0.0000000000
15.0164000000 0.0000000000
15.0239000000 0.0000000000
15.0314000000 0.0000000000
15.0389000000 0.0000000000
15.0464000000 0.0000000000
15.0539000000 0.0000000000
15.0614000000 0.0000000000
15.0689000000 0.0000000000
15.0764000000 0.0000000000
15.0839000000 0.0000000000
15.0914000000 0.0000000000
15.0989000000 0.0000000000
15.1064000000 0.0000000000
15.1139000000 0.0000000000
15.1214000000 0.0000000000
15.1289000000 0.0000000000
15.1364000000 0.0000000000
15.1439000000 0.0000000000
15.1514000000 0.0000000000
15.1589000000 0.0000000000
15.1664000000 0.0000000000
15.1739000000 0.0000000000
15.1814000000 0.0000000000
15.1889000000 0.0000000000
15.1964000000 0.0000000000
15.2039000000 0.0000000000
15.2114000000 0.0000000000
15.2189000000 0.0000000000
15.2264000000 0.0000000000
15.2339000000 0.0000000000
15.2414000000 0.0000000000
15.2489000000 0.0000000000
15.2564000000 0.0000000000
15.2639000000 0.0000000000
15.2714000000 0.0000000000
15.2789000000 0.0000000000
15.2864000000 0.0000000000
15.2939000000 0.0000000000
15.3014000000 0.0000000000
15.3089000000 0.0000000000
15.3164000000 0.0000000000
15.3239000000 0.0000000000
15.3314000000 0.0000000000
15.3389000000 0.0000000000
15.3464000000 0.0000000000
15.3539000000 0.0000000000
15.3614000000 0.0000000000
15.3689000000 0.0000000000
15.3764000000 0.0000000000
15.3839000000 0.0000000000
15.3914000000 0.0000000000
15.3989000000 0.0000000000
15.4064000000 0.0000000000
15.4139000000 0.0000000000
15.4214000000 0.0000000000
15.4289000000 0.0000000000
15.4364000000 0.0000000000
15.4439000000 0.0000000000
15.4514000000 0.0000000000
15.4589000000 0.0000000000
15.4664000000 0.0000000000
15.4739000000 0.0000000000
15.4814000000 0.0000000000
15.4889000000 0.0000000000
15.4964000000 0.0000000000
15.5039000000 0.0000000000
15.5114000000 0.0000000000
15.5189000000 0.0000000000
15.5264000000 0.0000000000
15.5339000000 0.0000000000
15.5414000000 0.0000000000
15.5489000000 0.0000000000
15.5564000000 0.0000000000
15.5639000000 0.0000000000
15.5714000000 0.0000000000
15.5789000000 0.0000000000
15.5864000000 0.0000000000
15.5939000000 0.0000000000
15.6014000000 0.0000000000
15.6089000000 0.0000000000
15.6164000000 0.0000000000
15.6239000000 0.0000000000
15.6314000000 0.0000000000
15.6389000000 0.0000000000
15.6464000000 0.0000000000
15.6539000000 0.0000000000
15.6614000000 0.0000000000
15.6689000000 0.0000000000
15.6764000000 0.0000000000
15.6839000000 0.0000000000
15.6914000000 0.0000000000
15.6989000000 0.0000000000
15.7064000000 0.0000000000
15.7139000000 0.0000000000
15.7214000000 0.0000000000
15.7289000000 0.0000000000
15.7364000000 0.0000000000
15.7439000000 0.0000000000
15.7514000000 0.0000000000
15.7589000000 0.0000000000
15.7664000000 0.0000000000
15.7739000000 0.0000000000
15.7814000000 0.0000000000
15.7889000000 0.0000000000
15.7964000000 0.0000000000
15.8039000000 0.0000000000
15.8114000000 0.0000000000
15.8189000000 0.0000000000
15.8264000000 0.0000000000
15.8339000000 0.0000000000
15.8414000000 0.0000000000
15.8489000000 0.0000000000
15.8564000000 0.0000000000
15.8639000000 0.0000000000
15.8714000000 0.0000000000
15.8789000000 0.0000000000
15.8864000000 0.0000000000
15.8939000000 0.0000000000
15.9014000000 0.0000000000
15.9089000000 0.0000000000
15.9164000000 0.0000000000
15.9239000000 0.0000000000
15.9314000000 0.0000000000
15.9389000000 0.0000000000
15.9464000000 0.0000000000
15.9539000000 0.0000000000
15.9614000000 0.0000000000
15.9689000000 0.0000000000
15.9764000000 0.0000000000
15.9839000000 0.0000000000
15.9914000000 0.0000000000
15.9989000000 0.0000000000
16.0064000000 0.0000000000
16.0139000000 0.0000000000
16.0214000000 0.0000000000
16.0289000000 0.0000000000
16.0364000000 0.0000000000
16.0439000000 0.0000000000
16.0514000000 0.0000000000
16.0589000000 0.0000000000
16.0664000000 0.0000000000
16.0739000000 0.0000000000
16.0814000000 0.0000000000
16.0889000000 0.0000000000
16.0964000000 0.0000000000
16.1039000000 0.0000000000
16.1114000000 0.0000000000
16.1189000000 0.0000000000
16.1264000000 0.0000000000
16.1339000000 0.0000000000
16.1414000000 0.0000000000
16.1489000000 0.0000000000
16.1564000000 0.0000000000
16.1639000000 0.0000000000
16.1714000000 0.0000000000
16.1789000000 0.0000000000
16.1864000000 0.0000000000
16.1939000000 0.0000000000
16.2014000000 0.0000000000
16.2089000000 0.0000000000
16.2164000000 0.0000000000
16.2239000000 0.0000000000
16.2314000000 0.0000000000
16.2389000000 0.0000000000
16.2464000000 0.0000000000
16.2539000000 0.0000000000
16.2614000000 0.0000000000
16.2689000000 0.0000000000
16.2764000000 0.0000000000
16.2839000000 0.0000000000
16.2914000000 0.0000000000
16.2989000000 0.0000000000
16.3064000000 0.0000000000
16.3139000000 0.0000000000
16.3214000000 0.0000000000
16.3289000000 0.0000000000
16.3364000000 0.0000000000
16.3439000000 0.0000000000
16.3514000000 0.0000000000
16.3589000000 0.0000000000
16.3664000000 0.0000000000
16.3739000000 0.0000000000
16.3814000000 0.0000000000
16.3889000000 0.0000000000
16.3964000000 0.0000000000
16.4039000000 0.0000000000
16.4114000000 0.0000000000
16.4189000000 0.0000000000
16.4264000000 0.0000000000
16.4339000000 0.0000000000
16.4414000000 0.0000000000
16.4489000000 0.0000000000
16.4564000000 0.0000000000
16.4639000000 0.0000000000
16.4714000000 0.0000000000
16.4789000000 0.0000000000
16.4864000000 0.0000000000
16.4939000000 0.0000000000
16.5014000000 0.0000000000
16.5089000000 0.0000000000
16.5164000000 0.0000000000
16.5239000000 0.0000000000
16.5314000000 0.0000000000
16.5389000000 0.0000000000
16.5464000000 0.0000000000
16.5539000000 0.0000000000
16.5614000000 0.0000000000
16.5689000000 0.0000000000
16.5764000000 0.0000000000
16.5839000000 0.0000000000
16.5914000000 0.0000000000
16.5989000000 0.0000000000
16.6064000000 0.0000000000
16.6139000000 0.0000000000
16.6214000000 0.0000000000
16.6289000000 0.0000000000
16.6364000000 0.0000000000
16.6439000000 0.0000000000
16.6514000000 0.0000000000
16.6589000000 0.0000000000
16.6664000000 0.0000000000
16.6739000000 0.0000000000
16.6814000000 0.0000000000
16.6889000000 0.0000000000
16.6964000000 0.0000000000
16.7039000000 0.0000000000
16.7114000000 0.0000000000
16.7189000000 0.0000000000
16.7264000000 0.0000000000
16.7339000000 0.0000000000
16.7414000000 0.0000000000
16.7489000000 0.0000000000
16.7564000000 0.0000000000
16.7639000000 0.0000000000
16.7714000000 0.0000000000
16.7789000000 0.0000000000
16.7864000000 0.0000000000
16.7939000000 0.0000000000
16.8014000000 0.0000000000
16.8089000000 0.0000000000
16.8164000000 0.0000000000
16.8239000000 0.0000000000
16.8314000000 0.0000000000
16.8389000000 0.0000000000
16.8464000000 0.0000000000
16.8539000000 0.0000000000
16.8614000000 0.0000000000
16.8689000000 0.0000000000
16.8764000000 0.0000000000
16.8839000000 0.0000000000
16.8914000000 0.0000000000
16.8989000000 0.0000000000
16.9064000000 0.0000000000
16.9139000000 0.0000000000
16.9214000000 0.0000000000
16.9289000000 0.0000000000
16.9364000000 0.0000000000
16.9439000000 0.0000000000
16.9514000000 0.0000000000
16.9589000000 0.0000000000
16.9664000000 0.0000000000
16.9739000000 0.0000000000
16.9814000000 0.0000000000
16.9889000000 0.0000000000
16.9964000000 0.0000000000
17.0039000000 0.0000000000
17.0114000000 0.0000000000
17.0189000000 0.0000000000
17.0264000000 0.0000000000
17.0339000000 0.0000000000
17.0414000000 0.0000000000
17.0489000000 0.0000000000
17.0564000000 0.0000000000
17.0639000000 0.0000000000
17.0714000000 0.0000000000
17.0789000000 0.0000000000
17.0864000000 0.0000000000
17.0939000000 0.0000000000
17.1014000000 0.0000000000
17.1089000000 0.0000000000
17.1164000000 0.0000000000
17.1239000000 0.0000000000
17.1314000000 0.0000000000
17.1389000000 0.0000000000
17.1464000000 0.0000000000
17.1539000000 0.0000000000
17.1614000000 0.0000000000
17.1689000000 0.0000000000
17.1764000000 0.0000000000
17.1839000000 0.0000000000
17.1914000000 0.0000000000
17.1989000000 0.0000000000
17.2064000000 0.0000000000
17.2139000000 0.0000000000
17.2214000000 0.0000000000
17.2289000000 0.0000000000
17.2364000000 0.0000000000
17.2439000000 0.0000000000
17.2514000000 0.0000000000
17.2589000000 0.0000000000
17.2664000000 0.0000000000
17.2739000000 0.0000000000
17.2814000000 0.0000000000
17.2889000000 0.0000000000
17.2964000000 0.0000000000
17.3039000000 0.0000000000
17.3114000000 0.0000000000
17.3189000000 0.0000000000
17.3264000000 0.0000000000
17.3339000000 0.0000000000
17.3414000000 0.0000000000
17.3489000000 0.0000000000
17.3564000000 0.0000000000
17.3639000000 0.0000000000
17.3714000000 0.0000000000
17.3789000000 0.0000000000
17.3864000000 0.0000000000
17.3939000000 0.0000000000
17.4014000000 0.0000000000
17.4089000000 0.0000000000
17.4164000000 0.0000000000
17.4239000000 0.0000000000
17.4314000000 0.0000000000
17.4389000000 0.0000000000
17.4464000000 0.0000000000
17.4539000000 0.0000000000
17.4614000000 0.0000000000
17.4689000000 0.0000000000
17.4764000000 0.0000000000
17.4839000000 0.0000000000
17.4914000000 0.0000000000
17.4989000000 0.0000000000
17.5064000000 0.0000000000
17.5139000000 0.0000000000
17.5214000000 0.0000000000
17.5289000000 0.0000000000
17.5364000000 0.0000000000
