0.0000000000 0.0000000000
0.0075000000 0.0000000000
0.0150000000 0.0000000000
0.0225000000 0.0000000000
0.0300000000 0.0000000000
0.0375000000 0.0000000001
0.0450000000 0.0000000001
0.0525000000 0.0000000001
0.0600000000 0.0000000001
0.0675000000 0.0000000001
0.0750000000 0.0000000002
0.0825000000 0.0000000002
0.0900000000 0.0000000003
0.0975000000 0.0000000003
0.1050000000 0.0000000004
0.1125000000 0.0000000005
0.1200000000 0.0000000006
0.1275000000 0.0000000007
0.1350000000 0.0000000009
0.1425000000 0.0000000011
0.1500000000 0.0000000014
0.1575000000 0.0000000017
0.1650000000 0.0000000021
0.1725000000 0.0000000025
0.1800000000 0.0000000031
0.1875000000 0.0000000038
0.1950000000 0.0000000046
0.2025000000 0.0000000056
0.2100000000 0.0000000068
0.2175000000 0.0000000083
0.2250000000 0.0000000101
0.2325000000 0.0000000123
0.2400000000 0.0000000150
0.2475000000 0.0000000182
0.2550000000 0.0000000221
0.2625000000 0.0000000268
0.2700000000 0.0000000325
0.2775000000 0.0000000393
0.2850000000 0.0000000476
0.2925000000 0.0000000576
0.3000000000 0.0000000697
0.3075000000 0.0000000841
0.3150000000 0.0000001016
0.3225000000 0.0000001226
0.3300000000 0.0000001477
0.3375000000 0.0000001780
0.3450000000 0.0000002143
0.3525000000 0.0000002577
0.3600000000 0.0000003098
0.3675000000 0.0000003722
0.3750000000 0.0000004468
0.3825000000 0.0000005360
0.3900000000 0.0000006426
0.3975000000 0.0000007697
0.4050000000 0.0000009214
0.4125000000 0.0000011022
0.4200000000 0.0000013176
0.4275000000 0.0000015740
0.4350000000 0.0000018789
0.4425000000 0.0000022412
0.4500000000 0.0000026717
0.4575000000 0.0000031825
0.4650000000 0.0000037883
0.4725000000 0.0000045063
0.4800000000 0.0000053566
0.4875000000 0.0000063628
0.4950000000 0.0000075528
0.5025000000 0.0000089590
0.5100000000 0.0000106196
0.5175000000 0.0000125791
0.5250000000 0.0000148896
0.5325000000 0.0000176123
0.5400000000 0.0000208181
0.5475000000 0.0000245901
0.5550000000 0.0000290252
0.5625000000 0.0000342362
0.5700000000 0.0000403543
0.5775000000 0.0000475322
0.5850000000 0.0000559476
0.5925000000 0.0000658066
0.6000000000 0.0000773486
0.6075000000 0.0000908510
0.6150000000 0.0001066354
0.6225000000 0.0001250743
0.6300000000 0.0001465984
0.6375000000 0.0001717059
0.6450000000 0.0002009721
0.6525000000 0.0002350611
0.6600000000 0.0002747392
0.6675000000 0.0003208891
0.6750000000 0.0003745277
0.6825000000 0.0004368252
0.6900000000 0.0005091268
0.6975000000 0.0005929785
0.7050000000 0.0006901548
0.7125000000 0.0008026916
0.7200000000 0.0009329225
0.7275000000 0.0010835203
0.7350000000 0.0012575440
0.7425000000 0.0014584917
0.7500000000 0.0016903606
0.7575000000 0.0019577147
0.7650000000 0.0022657608
0.7725000000 0.0026204349
0.7800000000 0.0030284982
0.7875000000 0.0034976465
0.7950000000 0.0040366317
0.8025000000 0.0046553998
0.8100000000 0.0053652441
0.8175000000 0.0061789775
0.8250000000 0.0071111261
0.8325000000 0.0081781446
0.8400000000 0.0093986575
0.8475000000 0.0107937288
0.8550000000 0.0123871620
0.8625000000 0.0142058351
0.8700000000 0.0162800733
0.8775000000 0.0186440638
0.8850000000 0.0213363164
0.8925000000 0.0244001749
0.9000000000 0.0278843853
0.9075000000 0.0318437236
0.9150000000 0.0363396930
0.9225000000 0.0414412931
0.9300000000 0.0472258714
0.9375000000 0.0537800619
0.9450000000 0.0612008216
0.9525000000 0.0695965712
0.9600000000 0.0790884514
0.9675000000 0.0898117041
0.9750000000 0.1019171894
0.9825000000 0.1155730505
0.9900000000 0.1309665392
0.9975000000 0.1483060142
1.0050000000 0.1678231279
1.0125000000 0.1897752168
1.0200000000 0.2144479100
1.0275000000 0.2421579750
1.0350000000 0.2732564182
1.0425000000 0.3081318582
1.0500000000 0.3472141946
1.0575000000 0.3909785905
1.0650000000 0.4399497937
1.0725000000 0.4947068192
1.0800000000 0.5558880168
1.0875000000 0.6241965501
1.0950000000 0.7004063142
1.1025000000 0.7853683183
1.1100000000 0.8800175633
1.1175000000 0.9853804430
1.1250000000 1.1025826999
1.1325000000 1.2328579669
1.1400000000 1.3775569263
1.1475000000 1.5381571202
1.1550000000 1.7162734427
1.1625000000 1.9136693504
1.1700000000 2.1322688222
1.1775000000 2.3741691038
1.1850000000 2.6416542689
1.1925000000 2.9372096312
1.2000000000 3.2635370385
1.2075000000 3.6235710812
1.2150000000 4.0204962442
1.2225000000 4.4577650324
1.2300000000 4.9391170944
1.2375000000 5.4685993714
1.2450000000 6.0505872901
1.2525000000 6.6898070217
1.2600000000 7.3913588199
1.2675000000 8.1607414497
1.2750000000 9.0038777149
1.2825000000 9.9271410852
1.2900000000 10.9373834194
1.2975000000 12.0419637763
1.3050000000 13.2487782956
1.3125000000 14.5662911260
1.3200000000 16.0035663702
1.3275000000 17.5703010059
1.3350000000 19.2768587355
1.3425000000 21.1343047057
1.3500000000 23.1544410293
1.3575000000 25.3498430293
1.3650000000 27.7338961161
1.3725000000 30.3208331943
1.3800000000 33.1257724854
1.3875000000 36.1647556373
1.3950000000 39.4547859806
1.4025000000 43.0138667762
1.4100000000 46.8610392845
1.4175000000 51.0164204725
1.4250000000 55.5012401609
1.4325000000 60.3378773964
1.4400000000 65.5498958213
1.4475000000 71.1620777966
1.4550000000 77.2004570195
1.4625000000 83.6923493627
1.4700000000 90.6663816479
1.4775000000 98.1525180502
1.4850000000 106.1820838207
1.4925000000 114.7877859985
1.5000000000 124.0037307726
1.5075000000 133.8654371439
1.5150000000 144.4098465287
1.5225000000 155.6753279333
1.5300000000 167.7016783276
1.5375000000 180.5301178372
1.5450000000 194.2032793697
1.5525000000 208.7651922928
1.5600000000 224.2612597795
1.5675000000 240.7382294402
1.5750000000 258.2441568674
1.5825000000 276.8283617257
1.5900000000 296.5413760321
1.5975000000 317.4348842845
1.6050000000 339.5616551133
1.6125000000 362.9754641507
1.6200000000 387.7310078366
1.6275000000 413.8838079046
1.6350000000 441.4901063218
1.6425000000 470.6067504908
1.6500000000 501.2910685558
1.6575000000 533.6007346976
1.6650000000 567.5936243423
1.6725000000 603.3276592577
1.6800000000 640.8606425591
1.6875000000 680.2500836995
1.6950000000 721.5530135753
1.7025000000 764.8257899348
1.7100000000 810.1238933413
1.7175000000 857.5017140011
1.7250000000 907.0123298362
1.7325000000 958.7072762454
1.7400000000 1012.6363080669
1.7475000000 1068.8471543241
1.7550000000 1127.3852664084
1.7625000000 1188.2935604187
1.7700000000 1251.6121544516
1.7775000000 1317.3781017025
1.7850000000 1385.6251203076
1.7925000000 1456.3833209218
1.8000000000 1529.6789330921
1.8075000000 1605.5340315477
1.8150000000 1683.9662635868
1.8225000000 1764.9885787914
1.8300000000 1848.6089623556
1.8375000000 1934.8301733540
1.8450000000 2023.6494893188
1.8525000000 2115.0584585262
1.8600000000 2209.0426614219
1.8675000000 2305.5814826320
1.8750000000 2404.6478950224
1.8825000000 2506.2082572726
1.8900000000 2610.2221264256
1.8975000000 2716.6420868668
1.9050000000 2825.4135971608
1.9125000000 2936.4748561478
1.9200000000 3049.7566896608
1.9275000000 3165.1824591771
1.9350000000 3282.6679936602
1.9425000000 3402.1215457788
1.9500000000 3523.4437736164
1.9575000000 3646.5277488956
1.9650000000 3771.2589926477
1.9725000000 3897.5155391558
1.9800000000 4025.1680288833
1.9875000000 4154.0798309851
1.9950000000 4284.1071958653
2.0025000000 4415.0994381156
2.0100000000 4546.8991500236
2.0175000000 4679.3424456960
2.0250000000 4812.2592356900
2.0325000000 4945.4735318897
2.0400000000 5078.8037822070
2.0475000000 5212.0632345249
2.0550000000 5345.0603291388
2.0625000000 5477.5991187911
2.0700000000 5609.4797152295
2.0775000000 5740.4987610630
2.0850000000 5870.4499255310
2.0925000000 5999.1244226491
2.1000000000 6126.3115500453
2.1075000000 6251.7992466634
2.1150000000 6375.3746673694
2.1225000000 6496.8247723775
2.1300000000 6615.9369292881
2.1375000000 6732.4995254305
2.1450000000 6846.3025881001
2.1525000000 6957.1384102011
2.1600000000 7064.8021787305
2.1675000000 7169.0926034830
2.1750000000 7269.8125433111
2.1825000000 7366.7696272434
2.1900000000 7459.7768677516
2.1975000000 7548.6532634522
2.2050000000 7633.2243885495
2.2125000000 7713.3229663498
2.2200000000 7788.7894242303
2.2275000000 7859.4724275010
2.2350000000 7925.2293896775
2.2425000000 7985.9269567739
2.2500000000 8041.4414633282
2.2575000000 8091.6593579943
2.2650000000 8136.4775966655
2.2725000000 8175.8040012400
2.2800000000 8209.5575822966
2.2875000000 8237.6688241124
2.2950000000 8260.0799306371
2.3025000000 8276.7450312173
2.3100000000 8287.6303450635
2.3175000000 8292.7143036483
2.3250000000 8291.9876304290
2.3325000000 8285.4533774981
2.3400000000 8273.1269189737
2.3475000000 8255.0359011550
2.3550000000 8231.2201496799
2.3625000000 8201.7315341304
2.3700000000 8166.6337907413
2.3775000000 8126.0023040685
2.3850000000 8079.9238486725
2.3925000000 8028.4962920629
2.4000000000 7971.8282603347
2.4075000000 7910.0387680984
2.4150000000 7843.2568144748
2.4225000000 7771.6209470739
2.4300000000 7695.2787960239
2.4375000000 7614.3865802409
2.4450000000 7529.1085882490
2.4525000000 7439.6166359599
2.4600000000 7346.0895039107
2.4675000000 7248.7123565280
2.4750000000 7147.6761460478
2.4825000000 7043.1770037585
2.4900000000 6935.4156212651
2.4975000000 6824.5966244809
2.5050000000 6710.9279430515
2.5125000000 6594.6201778957
2.5200000000 6475.8859695164
2.5275000000 6354.9393696847
2.5350000000 6231.9952190431
2.5425000000 6107.2685330955
2.5500000000 5980.9738989699
2.5575000000 5853.3248852385
2.5650000000 5724.5334669740
2.5725000000 5594.8094681016
2.5800000000 5464.3600229799
2.5875000000 5333.3890590090
2.5950000000 5202.0968019223
2.6025000000 5070.6793052728
2.6100000000 4939.3280054698
2.6175000000 4808.2293035699
2.6250000000 4677.5641748642
2.6325000000 4547.5078071475
2.6400000000 4418.2292683915
2.6475000000 4289.8912043876
2.6550000000 4162.6495667635
2.6625000000 4036.6533716244
2.6700000000 3912.0444889151
2.6775000000 3788.9574624523
2.6850000000 3667.5193604314
2.6925000000 3547.8496560759
2.7000000000 3430.0601379646
2.7075000000 3314.2548494476
2.7150000000 3200.5300564451
2.7225000000 3088.9742428133
2.7300000000 2979.6681323615
2.7375000000 2872.6847365114
2.7450000000 2768.0894265053
2.7525000000 2665.9400289991
2.7600000000 2566.2869438044
2.7675000000 2469.1732824948
2.7750000000 2374.6350265396
2.7825000000 2282.7012035914
2.7900000000 2193.3940805267
2.7975000000 2106.7293718163
2.8050000000 2022.7164617916
2.8125000000 1941.3586393682
2.8200000000 1862.6533437941
2.8275000000 1786.5924199997
2.8350000000 1713.1623821453
2.8425000000 1642.3446839894
2.8500000000 1574.1159947286
2.8575000000 1508.4484790000
2.8650000000 1445.3100797780
2.8725000000 1384.6648029417
2.8800000000 1326.4730023451
2.8875000000 1270.6916642698
2.8950000000 1217.2746902032
2.9025000000 1166.1731769409
2.9100000000 1117.3356930759
2.9175000000 1070.7085510003
2.9250000000 1026.2360736089
2.9325000000 983.8608549608
2.9400000000 943.5240142178
2.9475000000 905.1654422477
2.9550000000 868.7240403396
2.9625000000 834.1379505487
2.9700000000 801.3447772433
2.9775000000 770.2817994940
2.9850000000 740.8861739998
2.9925000000 713.0951283054
3.0000000000 686.8461441166
3.0075000000 662.0771305759
3.0150000000 638.7265874069
3.0225000000 616.7337578868
3.0300000000 596.0387716471
3.0375000000 576.5827773463
3.0450000000 558.3080652978
3.0525000000 541.1581801674
3.0600000000 525.0780238947
3.0675000000 510.0139490151
3.0750000000 495.9138425914
3.0825000000 482.7272009865
3.0900000000 470.4051957283
3.0975000000 458.9007307413
3.1050000000 448.1684912305
3.1125000000 438.1649845209
3.1200000000 428.8485731650
3.1275000000 420.1795006424
3.1350000000 412.1199099801
3.1425000000 404.6338556296
3.1500000000 397.6873089388
3.1575000000 391.2481575600
3.1650000000 385.2861991337
3.1725000000 379.7731295884
3.1800000000 374.6825263918
3.1875000000 369.9898270883
3.1950000000 365.6723034491
3.2025000000 361.7090315589
3.2100000000 358.0808581533
3.2175000000 354.7703635168
3.2250000000 351.7618212410
3.2325000000 349.0411551349
3.2400000000 346.5958935700
3.2475000000 344.4151215345
3.2550000000 342.4894306589
3.2625000000 340.8108674679
3.2700000000 339.3728801020
3.2775000000 338.1702637424
3.2850000000 337.1991049607
3.2925000000 336.4567252095
3.3000000000 335.9416236522
3.3075000000 335.6534195275
3.3150000000 335.5927942281
3.3225000000 335.7614332666
3.3300000000 336.1619682888
3.3375000000 336.7979192877
3.3450000000 337.6736371585
3.3525000000 338.7942467276
3.3600000000 340.1655903778
3.3675000000 341.7941723832
3.3750000000 343.6871040579
3.3825000000 345.8520498139
3.3900000000 348.2971742136
3.3975000000 351.0310900955
3.4050000000 354.0628078421
3.4125000000 357.4016858499
3.4200000000 361.0573822552
3.4275000000 365.0398079605
3.4350000000 369.3590809976
3.4425000000 374.0254822570
3.4500000000 379.0494126067
3.4575000000 384.4413514138
3.4650000000 390.2118164776
3.4725000000 396.3713253745
3.4800000000 402.9303582103
3.4875000000 409.8993217674
3.4950000000 417.2885150287
3.5025000000 425.1080960555
3.5100000000 433.3680501898
3.5175000000 442.0781595463
3.5250000000 451.2479737559
3.5325000000 460.8867819154
3.5400000000 471.0035856975
3.5475000000 481.6070735668
3.5550000000 492.7055960496
3.5625000000 504.3071419966
3.5700000000 516.4193157798
3.5775000000 529.0493153605
3.5850000000 542.2039111634
3.5925000000 555.8894256932
3.6000000000 570.1117138266
3.6075000000 584.8761437146
3.6150000000 600.1875782310
3.6225000000 616.0503569024
3.6300000000 632.4682782584
3.6375000000 649.4445825437
3.6450000000 666.9819347338
3.6525000000 685.0824078046
3.6600000000 703.7474662065
3.6675000000 722.9779494998
3.6750000000 742.7740561150
3.6825000000 763.1353272074
3.6900000000 784.0606305793
3.6975000000 805.5481446569
3.7050000000 827.5953425088
3.7125000000 850.1989759088
3.7200000000 873.3550594500
3.7275000000 897.0588547274
3.7350000000 921.3048546175
3.7425000000 946.0867676909
3.7500000000 971.3975028059
3.7575000000 997.2291539410
3.7650000000 1023.5729853328
3.7725000000 1050.4194169999
3.7800000000 1077.7580107401
3.7875000000 1105.5774567010
3.7950000000 1133.8655606313
3.8025000000 1162.6092319337
3.8100000000 1191.7944726456
3.8175000000 1221.4063674839
3.8250000000 1251.4290751001
3.8325000000 1281.8458206952
3.8400000000 1312.6388901553
3.8475000000 1343.7896258692
3.8550000000 1375.2784243993
3.8625000000 1407.0847361765
3.8700000000 1439.1870673933
3.8775000000 1471.5629842735
3.8850000000 1504.1891198912
3.8925000000 1537.0411837162
3.9000000000 1570.0939740557
3.9075000000 1603.3213935614
3.9150000000 1636.6964679623
3.9225000000 1670.1913681787
3.9300000000 1703.7774359639
3.9375000000 1737.4252132081
3.9450000000 1771.1044750310
3.9525000000 1804.7842667725
3.9600000000 1838.4329449795
3.9675000000 1872.0182224705
3.9750000000 1905.5072175409
3.9825000000 1938.8665073567
3.9900000000 1972.0621855621
3.9975000000 2005.0599241077
4.0050000000 2037.8250392858
4.0125000000 2070.3225619338
4.0200000000 2102.5173117488
4.0275000000 2134.3739756295
4.0350000000 2165.8571899399
4.0425000000 2196.9316265662
4.0500000000 2227.5620826127
4.0575000000 2257.7135735609
4.0650000000 2287.3514296920
4.0725000000 2316.4413955497
4.0800000000 2344.9497322001
4.0875000000 2372.8433220207
4.0950000000 2400.0897757342
4.1025000000 2426.6575413811
4.1100000000 2452.5160149059
4.1175000000 2477.6356520203
4.1250000000 2501.9880809844
4.1325000000 2525.5462159406
4.1400000000 2548.2843704172
4.1475000000 2570.1783706149
4.1550000000 2591.2056680748
4.1625000000 2611.3454513270
4.1700000000 2630.5787561107
4.1775000000 2648.8885737573
4.1850000000 2666.2599573265
4.1925000000 2682.6801250905
4.2000000000 2698.1385609628
4.2075000000 2712.6271114768
4.2150000000 2726.1400789278
4.2225000000 2738.6743103016
4.2300000000 2750.2292816265
4.2375000000 2760.8071773975
4.2450000000 2770.4129647410
4.2525000000 2779.0544620015
4.2600000000 2786.7424014535
4.2675000000 2793.4904858601
4.2750000000 2799.3154386220
4.2825000000 2804.2370472823
4.2900000000 2808.2782001740
4.2975000000 2811.4649160236
4.3050000000 2813.8263663446
4.3125000000 2815.3948904808
4.3200000000 2816.2060031841
4.3275000000 2816.2983946340
4.3350000000 2815.7139228307
4.3425000000 2814.4975983184
4.3500000000 2812.6975612161
4.3575000000 2810.3650505592
4.3650000000 2807.5543659724
4.3725000000 2804.3228217192
4.3800000000 2800.7306931910
4.3875000000 2796.8411559178
4.3950000000 2792.7202172000
4.4025000000 2788.4366404775
4.4100000000 2784.0618625669
4.4175000000 2779.6699039123
4.4250000000 2775.3372720055
4.4325000000 2771.1428581452
4.4400000000 2767.1678277136
4.4475000000 2763.4955041561
4.4550000000 2760.2112468605
4.4625000000 2757.4023231341
4.4700000000 2755.1577744876
4.4775000000 2753.5682774334
4.4850000000 2752.7259990150
4.4925000000 2752.7244472811
4.5000000000 2753.6583169266
4.5075000000 2755.6233303168
4.5150000000 2758.7160741193
4.5225000000 2763.0338317642
4.5300000000 2768.6744119555
4.5375000000 2775.7359734567
4.5450000000 2784.3168463764
4.5525000000 2794.5153501762
4.5600000000 2806.4296086304
4.5675000000 2820.1573619621
4.5750000000 2835.7957763886
4.5825000000 2853.4412513076
4.5900000000 2873.1892243611
4.5975000000 2895.1339746175
4.6050000000 2919.3684241185
4.6125000000 2945.9839380414
4.6200000000 2975.0701237367
4.6275000000 3006.7146289061
4.6350000000 3041.0029391974
4.6425000000 3078.0181754987
4.6500000000 3117.8408912293
4.6575000000 3160.5488699302
4.6650000000 3206.2169234749
4.6725000000 3254.9166912289
4.6800000000 3306.7164405010
4.6875000000 3361.6808686454
4.6950000000 3419.8709071823
4.7025000000 3481.3435283251
4.7100000000 3546.1515543095
4.7175000000 3614.3434699416
4.7250000000 3685.9632387880
4.7325000000 3761.0501234521
4.7400000000 3839.6385103870
4.7475000000 3921.7577397133
4.7550000000 4007.4319405176
4.7625000000 4096.6798721202
4.7700000000 4189.5147718088
4.7775000000 4285.9442095427
4.7850000000 4385.9699501405
4.7925000000 4489.5878234647
4.8000000000 4596.7876031246
4.8075000000 4707.5528942169
4.8150000000 4821.8610306216
4.8225000000 4939.6829823714
4.8300000000 5060.9832736024
4.8375000000 5185.7199115904
4.8450000000 5313.8443273626
4.8525000000 5445.3013283660
4.8600000000 5580.0290636544
4.8675000000 5717.9590020398
4.8750000000 5859.0159236336
4.8825000000 6003.1179251775
4.8900000000 6150.1764395414
4.8975000000 6300.0962697330
4.9050000000 6452.7756377358
4.9125000000 6608.1062484574
4.9200000000 6765.9733690327
4.9275000000 6926.2559236914
4.9350000000 7088.8266043538
4.9425000000 7253.5519970805
4.9500000000 7420.2927244545
4.9575000000 7588.9036039280
4.9650000000 7759.2338221179
4.9725000000 7931.1271249835
4.9800000000 8104.4220237714
4.9875000000 8278.9520165557
4.9950000000 8454.5458251529
5.0025000000 8631.0276471345
5.0100000000 8808.2174226052
5.0175000000 8985.9311153629
5.0250000000 9163.9810079982
5.0325000000 9342.1760104384
5.0400000000 9520.3219813879
5.0475000000 9698.2220620598
5.0550000000 9875.6770215437
5.0625000000 10052.4856131037
5.0700000000 10228.4449406466
5.0775000000 10403.3508345559
5.0850000000 10576.9982360385
5.0925000000 10749.1815890862
5.1000000000 10919.6952391125
5.1075000000 11088.3338372857
5.1150000000 11254.8927495408
5.1225000000 11419.1684692212
5.1300000000 11580.9590322671
5.1375000000 11740.0644338431
5.1450000000 11896.2870452723
5.1525000000 12049.4320301221
5.1600000000 12199.3077582746
5.1675000000 12345.7262167981
5.1750000000 12488.5034164296
5.1825000000 12627.4597924759
5.1900000000 12762.4205989363
5.1975000000 12893.2162946608
5.2050000000 13019.6829203619
5.2125000000 13141.6624653143
5.2200000000 13259.0032225945
5.2275000000 13371.5601317343
5.2350000000 13479.1951076916
5.2425000000 13581.7773550709
5.2500000000 13679.1836665640
5.2575000000 13771.2987046226
5.2650000000 13858.0152654172
5.2725000000 13939.2345241877
5.2800000000 14014.8662611437
5.2875000000 14084.8290671293
5.2950000000 14149.0505283278
5.3025000000 14207.4673893470
5.3100000000 14260.0256940912
5.3175000000 14306.6809039000
5.3250000000 14347.3979925023
5.3325000000 14382.1515174167
5.3400000000 14410.9256675008
5.3475000000 14433.7142864369
5.3550000000 14450.5208720219
5.3625000000 14461.3585512123
5.3700000000 14466.2500309595
5.3775000000 14465.2275249555
5.3850000000 14458.3326564960
5.3925000000 14445.6163377498
5.4000000000 14427.1386258107
5.4075000000 14402.9685559925
5.4150000000 14373.1839529084
5.4225000000 14337.8712199591
5.4300000000 14297.1251079332
5.4375000000 14251.0484635010
5.4450000000 14199.7519584556
5.4525000000 14143.3538006305
5.4600000000 14081.9794274882
5.4675000000 14015.7611834408
5.4750000000 13944.8379820233
5.4825000000 13869.3549540999
5.4900000000 13789.4630833321
5.4975000000 13705.3188301879
5.5050000000 13617.0837458127
5.5125000000 13524.9240771205
5.5200000000 13429.0103644951
5.5275000000 13329.5170335194
5.5350000000 13226.6219821688
5.5425000000 13120.5061649235
5.5500000000 13011.3531752592
5.5575000000 12899.3488279838
5.5650000000 12784.6807428800
5.5725000000 12667.5379311102
5.5800000000 12548.1103858201
5.5875000000 12426.5886783618
5.5950000000 12303.1635615276
5.6025000000 12178.0255811562
5.6100000000 12051.3646974342
5.6175000000 11923.3699171737
5.6250000000 11794.2289382999
5.6325000000 11664.1278077288
5.6400000000 11533.2505937590
5.6475000000 11401.7790740409
5.6550000000 11269.8924401181
5.6625000000 11137.7670194719
5.6700000000 11005.5760159218
5.6775000000 10873.4892691637
5.6850000000 10741.6730341483
5.6925000000 10610.2897809199
5.7000000000 10479.4980154571
5.7075000000 10349.4521219709
5.7150000000 10220.3022270307
5.7225000000 10092.1940858057
5.7300000000 9965.2689906203
5.7375000000 9839.6637019381
5.7450000000 9715.5104018036
5.7525000000 9592.9366696854
5.7600000000 9472.0654805814
5.7675000000 9353.0152251643
5.7750000000 9235.8997516657
5.7825000000 9120.8284291175
5.7900000000 9007.9062314945
5.7975000000 8897.2338422269
5.8050000000 8788.9077784827
5.8125000000 8683.0205345481
5.8200000000 8579.6607435747
5.8275000000 8478.9133568934
5.8350000000 8380.8598400440
5.8425000000 8285.5783846083
5.8500000000 8193.1441348860
5.8575000000 8103.6294284050
5.8650000000 8017.1040492109
5.8725000000 7933.6354928415
5.8800000000 7853.2892418538
5.8875000000 7776.1290507361
5.8950000000 7702.2172390082
5.9025000000 7631.6149912838
5.9100000000 7564.3826630466
5.9175000000 7500.5800908659
5.9250000000 7440.2669057655
5.9325000000 7383.5028484369
5.9400000000 7330.3480849796
5.9475000000 7280.8635218376
5.9550000000 7235.1111185953
5.9625000000 7193.1541972877
5.9700000000 7155.0577468777
5.9775000000 7120.8887215505
5.9850000000 7090.7163314760
5.9925000000 7064.6123246919
6.0000000000 7042.6512587652
6.0075000000 7024.9107608948
6.0150000000 7011.4717751268
6.0225000000 7002.4187953641
6.0300000000 6997.8400828641
6.0375000000 6997.8278669317
6.0450000000 7002.4785275333
6.0525000000 7011.8927585748
6.0600000000 7026.1757106098
6.0675000000 7045.4371117669
6.0750000000 7069.7913657158
6.0825000000 7099.3576255187
6.0900000000 7134.2598422533
6.0975000000 7174.6267873267
6.1050000000 7220.5920474481
6.1125000000 7272.2939912701
6.1200000000 7329.8757067649
6.1275000000 7393.4849084575
6.1350000000 7463.2738136995
6.1425000000 7539.3989872389
6.1500000000 7622.0211534137
6.1575000000 7711.3049753791
6.1650000000 7807.4188008657
6.1725000000 7910.5343740611
6.1800000000 8020.8265133084
6.1875000000 8138.4727544234
6.1950000000 8263.6529595482
6.2025000000 8396.5488915823
6.2100000000 8537.3437543611
6.2175000000 8686.2216988886
6.2250000000 8843.3672960759
6.2325000000 9008.9649765861
6.2400000000 9183.1984385404
6.2475000000 9366.2500240077
6.2550000000 9558.3000653586
6.2625000000 9759.5262027452
6.2700000000 9970.1026741353
6.2775000000 10190.1995795145
6.2850000000 10419.9821210458
6.2925000000 10659.6098211617
6.3000000000 10909.2357207432
6.3075000000 11169.0055597252
6.3150000000 11439.0569426425
6.3225000000 11719.5184918136
6.3300000000 12010.5089910250
6.3375000000 12312.1365227508
6.3450000000 12624.4976020977
6.3525000000 12947.6763108195
6.3600000000 13281.7434348857
6.3675000000 13626.7556092172
6.3750000000 13982.7544733235
6.3825000000 14349.7658416759
6.3900000000 14727.7988927419
6.3975000000 15116.8453806781
6.4050000000 15516.8788737318
6.4125000000 15927.8540234392
6.4200000000 16349.7058687211
6.4275000000 16782.3491789744
6.4350000000 17225.6778402272
6.4425000000 17679.5642883796
6.4500000000 18143.8589934749
6.4575000000 18618.3899988522
6.4650000000 19102.9625189098
6.4725000000 19597.3585990641
6.4800000000 20101.3368413175
6.4875000000 20614.6321986594
6.4950000000 21136.9558413029
6.5025000000 21667.9950975224
6.5100000000 22207.4134715932
6.5175000000 22754.8507410492
6.5250000000 23309.9231351696
6.5325000000 23872.2235962815
6.5400000000 24441.3221251192
6.5475000000 25016.7662111258
6.5550000000 25598.0813482045
6.5625000000 26184.7716360407
6.5700000000 26776.3204667196
6.5775000000 27372.1912959529
6.5850000000 27971.8284978191
6.5925000000 28574.6583014995
6.6000000000 29180.0898080755
6.6075000000 29787.5160850334
6.6150000000 30396.3153357040
6.6225000000 31005.8521404613
6.6300000000 31615.4787660956
6.6375000000 32224.5365393916
6.6450000000 32832.3572805656
6.6525000000 33438.2647918507
6.6600000000 34041.5763961869
6.6675000000 34641.6045206419
6.6750000000 35237.6583189018
6.6825000000 35829.0453268931
6.6900000000 36415.0731453571
6.6975000000 36995.0511429846
6.7050000000 37568.2921735340
6.7125000000 38134.1143002091
6.7200000000 38691.8425204553
6.7275000000 39240.8104842546
6.7350000000 39780.3621989553
6.7425000000 40309.8537136649
6.7500000000 40828.6547762664
6.7575000000 41336.1504561841
6.7650000000 41831.7427261340
6.7725000000 42314.8519962311
6.7800000000 42784.9185940120
6.7875000000 43241.4041841401
6.7950000000 43683.7931218142
6.8025000000 44111.5937341841
6.8100000000 44524.3395243932
6.8175000000 44921.5902932117
6.8250000000 45302.9331736016
6.8325000000 45667.9835739533
6.8400000000 46016.3860261606
6.8475000000 46347.8149351443
6.8550000000 46661.9752269055
6.8625000000 46958.6028926647
6.8700000000 47237.4654271457
6.8775000000 47498.3621595630
6.8850000000 47741.1244763896
6.8925000000 47965.6159354970
6.9000000000 48171.7322717814
6.9075000000 48359.4012949064
6.9150000000 48528.5826803069
6.9225000000 48679.2676551036
6.9300000000 48811.4785810742
6.9375000000 48925.2684373073
6.9450000000 49020.7202056316
6.9525000000 49097.9461623581
6.9600000000 49157.0870802991
6.9675000000 49198.3113454278
6.9750000000 49221.8139929169
6.9825000000 49227.8156676418
6.9900000000 49216.5615145508
6.9975000000 49188.3200045878
7.0050000000 49143.3817021065
7.0125000000 49082.0579799327
7.0200000000 49004.6796884107
7.0275000000 48911.5957849195
7.0350000000 48803.1719304508
7.0425000000 48679.7890599141
7.0500000000 48541.8419328711
7.0575000000 48389.7376713984
7.0650000000 48223.8942917402
7.0725000000 48044.7392363409
7.0800000000 47852.7079127370
7.0875000000 47648.2422456472
7.0950000000 47431.7892484244
7.1025000000 47203.7996198283
7.1100000000 46964.7263718402
7.1175000000 46715.0234939818
7.1250000000 46455.1446593087
7.1325000000 46185.5419769375
7.1400000000 45906.6647956334
7.1475000000 45618.9585626305
7.1550000000 45322.8637414871
7.1625000000 45018.8147923969
7.1700000000 44707.2392179789
7.1775000000 44388.5566771626
7.1850000000 44063.1781693784
7.1925000000 43731.5052908399
7.2000000000 43393.9295642930
7.2075000000 43050.8318431875
7.2150000000 42702.5817908113
7.2225000000 42349.5374345237
7.2300000000 41992.0447948207
7.2375000000 41630.4375885757
7.2450000000 41265.0370054237
7.2525000000 40896.1515558905
7.2600000000 40524.0769895237
7.2675000000 40149.0962809508
7.2750000000 39771.4796814811
7.2825000000 39391.4848335765
7.2900000000 39009.3569452517
7.2975000000 38625.3290212171
7.3050000000 38239.6221473584
7.3125000000 37852.4458249523
7.3200000000 37463.9983508439
7.3275000000 37074.4672396712
7.3350000000 36684.0296840985
7.3425000000 36292.8530489306
7.3500000000 35901.0953949120
7.3575000000 35508.9060279713
7.3650000000 35116.4260696578
7.3725000000 34723.7890445232
7.3800000000 34331.1214802330
7.3875000000 33938.5435162475
7.3950000000 33546.1695169892
7.4025000000 33154.1086855109
7.4100000000 32762.4656737950
7.4175000000 32371.3411859527
7.4250000000 31980.8325707427
7.4325000000 31591.0343999990
7.4400000000 31202.0390297394
7.4475000000 30813.9371409236
7.4550000000 30426.8182570347
7.4625000000 30040.7712358761
7.4700000000 29655.8847331996
7.4775000000 29272.2476360129
7.4850000000 28889.9494636474
7.4925000000 28509.0807349125
7.5000000000 28129.7332998974
7.5075000000 27752.0006352286
7.5150000000 27375.9781018293
7.5225000000 27001.7631644661
7.5300000000 26629.4555726038
7.5375000000 26259.1575023196
7.5450000000 25890.9736592503
7.5525000000 25525.0113427671
7.5600000000 25161.3804717771
7.5675000000 24800.1935727565
7.5750000000 24441.5657308059
7.5825000000 24085.6145047037
7.5900000000 23732.4598070998
7.5975000000 23382.2237511517
7.6050000000 23035.0304650511
7.6125000000 22691.0058760235
7.6200000000 22350.2774655061
7.6275000000 22012.9739973159
7.6350000000 21679.2252207211
7.6425000000 21349.1615504092
7.6500000000 21022.9137254189
7.6575000000 20700.6124491621
7.6650000000 20382.3880127097
7.6725000000 20068.3699035501
7.6800000000 19758.6864020522
7.6875000000 19453.4641678815
7.6950000000 19152.8278186149
7.7025000000 18856.8995027953
7.7100000000 18565.7984696494
7.7175000000 18279.6406376628
7.7250000000 17998.5381641737
7.7325000000 17722.5990181012
7.7400000000 17451.9265578735
7.7475000000 17186.6191165628
7.7550000000 16926.7695961710
7.7625000000 16672.4650729360
7.7700000000 16423.7864154577
7.7775000000 16180.8079173583
7.7850000000 15943.5969461092
7.7925000000 15712.2136095672
7.8000000000 15486.7104416722
7.8075000000 15267.1321086646
7.8150000000 15053.5151370812
7.8225000000 14845.8876646946
7.8300000000 14644.2692154562
7.8375000000 14448.6704994062
7.8450000000 14259.0932384086
7.8525000000 14075.5300184692
7.8600000000 13897.9641692901
7.8675000000 13726.3696716138
7.8750000000 13560.7110928065
7.8825000000 13400.9435510274
7.8900000000 13247.0127082328
7.8975000000 13098.8547921618
7.9050000000 12956.3966473505
7.9125000000 12819.5558151266
7.9200000000 12688.2406424372
7.9275000000 12562.3504192698
7.9350000000 12441.7755443315
7.9425000000 12326.3977185607
7.9500000000 12216.0901659562
7.9575000000 12110.7178811196
7.9650000000 12010.1379028227
7.9725000000 11914.1996128264
7.9800000000 11822.7450590986
7.9875000000 11735.6093024965
7.9950000000 11652.6207859068
8.0025000000 11573.6017247593
8.0100000000 11498.3685177621
8.0175000000 11426.7321766375
8.0250000000 11358.4987735729
8.0325000000 11293.4699050408
8.0400000000 11231.4431705840
8.0475000000 11172.2126651074
8.0550000000 11115.5694831702
8.0625000000 11061.3022337231
8.0700000000 11009.1975636970
8.0775000000 10959.0406888099
8.0850000000 10910.6159299288
8.0925000000 10863.7072532947
8.1000000000 10818.0988128974
8.1075000000 10773.5754932700
8.1150000000 10729.9234509614
8.1225000000 10686.9306529411
8.1300000000 10644.3874101895
8.1375000000 10602.0869047339
8.1450000000 10559.8257084045
8.1525000000 10517.4042916016
8.1600000000 10474.6275203927
8.1675000000 10431.3051402884
8.1750000000 10387.2522450856
8.1825000000 10342.2897292102
8.1900000000 10296.2447220440
8.1975000000 10248.9510027775
8.2050000000 10200.2493943935
8.2125000000 10149.9881354576
8.2200000000 10098.0232284667
8.2275000000 10044.2187635898
8.2350000000 9988.4472167195
8.2425000000 9930.5897208492
8.2500000000 9870.5363098837
8.2575000000 9808.1861340967
8.2650000000 9743.4476465516
8.2725000000 9676.2387599117
8.2800000000 9606.4869731811
8.2875000000 9534.1294680294
8.2950000000 9459.1131744733
8.3025000000 9381.3948058055
8.3100000000 9300.9408627839
8.3175000000 9217.7276072110
8.3250000000 9131.7410051590
8.3325000000 9042.9766402097
8.3400000000 8951.4395972032
8.3475000000 8857.1443171000
8.3550000000 8760.1144236799
8.3625000000 8660.3825229083
8.3700000000 8557.9899759095
8.3775000000 8452.9866465892
8.3850000000 8345.4306250435
8.3925000000 8235.3879279899
8.4000000000 8122.9321775344
8.4075000000 8008.1442596772
8.4150000000 7891.1119640251
8.4225000000 7771.9296062514
8.4300000000 7650.6976348968
8.4375000000 7527.5222241608
8.4450000000 7402.5148543719
8.4525000000 7275.7918818598
8.4600000000 7147.4740999805
8.4675000000 7017.6862930604
8.4750000000 6886.5567850347
8.4825000000 6754.2169845551
8.4900000000 6620.8009283341
8.4975000000 6486.4448244755
8.5050000000 6351.2865975137
8.5125000000 6215.4654368556
8.5200000000 6079.1213502711
8.5275000000 5942.3947240354
8.5350000000 5805.4258912673
8.5425000000 5668.3547099452
8.5500000000 5531.3201520132
8.5575000000 5394.4599049183
8.5650000000 5257.9099868328
8.5725000000 5121.8043767384
8.5800000000 4986.2746604533
8.5875000000 4851.4496935942
8.5950000000 4717.4552823673
8.6025000000 4584.4138829835
8.6100000000 4452.4443203946
8.6175000000 4321.6615269426
8.6250000000 4192.1763014130
8.6325000000 4064.0950888812
8.6400000000 3937.5197816362
8.6475000000 3812.5475413683
8.6550000000 3689.2706427043
8.6625000000 3567.7763380781
8.6700000000 3448.1467438303
8.6775000000 3330.4587473366
8.6850000000 3214.7839348790
8.6925000000 3101.1885398874
8.7000000000 2989.7334111003
8.7075000000 2880.4740001194
8.7150000000 2773.4603677586
8.7225000000 2668.7372085283
8.7300000000 2566.3438925312
8.7375000000 2466.3145239948
8.7450000000 2368.6780156176
8.7525000000 2273.4581778605
8.7600000000 2180.6738222832
8.7675000000 2090.3388779901
8.7750000000 2002.4625202283
8.7825000000 1917.0493101611
8.7900000000 1834.0993448248
8.7975000000 1753.6084162740
8.8050000000 1675.5681789116
8.8125000000 1599.9663240091
8.8200000000 1526.7867604271
8.8275000000 1456.0098005600
8.8350000000 1387.6123505453
8.8425000000 1321.5681038018
8.8500000000 1257.8477369828
8.8575000000 1196.4191074635
8.8650000000 1137.2474515105
8.8725000000 1080.2955823203
8.8800000000 1025.5240871477
8.8875000000 972.8915227891
8.8950000000 922.3546087250
8.9025000000 873.8684172723
8.9100000000 827.3865601385
8.9175000000 782.8613708214
8.9250000000 740.2440823385
8.9325000000 699.4849998226
8.9400000000 660.5336675639
8.9475000000 623.3390301269
8.9550000000 587.8495872173
8.9625000000 554.0135420191
8.9700000000 521.7789427664
8.9775000000 491.0938173595
8.9850000000 461.9063008757
8.9925000000 434.1647558658
9.0000000000 407.8178853678
9.0075000000 382.8148386040
9.0150000000 359.1053093657
9.0225000000 336.6396271206
9.0300000000 315.3688409099
9.0375000000 295.2447961315
9.0450000000 276.2202043315
9.0525000000 258.2487061510
9.0600000000 241.2849275982
9.0675000000 225.2845298340
9.0750000000 210.2042526786
9.0825000000 196.0019520618
9.0900000000 182.6366316528
9.0975000000 170.0684689168
9.1050000000 158.2588358551
9.1125000000 147.1703146933
9.1200000000 136.7667087863
9.1275000000 127.0130490142
9.1350000000 117.8755959443
9.1425000000 109.3218380364
9.1500000000 101.3204861637
9.1575000000 93.8414647263
9.1650000000 86.8558996225
9.1725000000 80.3361033455
9.1800000000 74.2555574628
9.1875000000 68.5888927311
9.1950000000 63.3118670916
9.2025000000 58.4013417819
9.2100000000 53.8352557922
9.2175000000 49.5925988844
9.2250000000 45.6533833829
9.2325000000 41.9986149347
9.2400000000 38.6102624280
9.2475000000 35.4712272454
9.2550000000 32.5653120204
9.2625000000 29.8771890515
9.2700000000 27.3923685202
9.2775000000 25.0971666483
9.2850000000 22.9786739177
9.2925000000 21.0247234681
9.3000000000 19.2238597764
9.3075000000 17.5653077120
9.3150000000 16.0389420538
9.3225000000 14.6352575443
9.3300000000 13.3453395482
9.3375000000 12.1608353754
9.3450000000 11.0739263181
9.3525000000 10.0773004469
9.3600000000 9.1641262009
9.3675000000 8.3280268041
9.3750000000 7.5630555282
9.3825000000 6.8636718233
9.3900000000 6.2247183261
9.3975000000 5.6413987541
9.4050000000 5.1092566895
9.4125000000 4.6241552490
9.4200000000 4.1822576381
9.4275000000 3.7800085771
9.4350000000 3.4141165910
9.4425000000 3.0815371467
9.4500000000 2.7794566215
9.4575000000 2.5052770847
9.4650000000 2.2566018702
9.4725000000 2.0312219200
9.4800000000 1.8271028740
9.4875000000 1.6423728815
9.4950000000 1.4753111105
9.5025000000 1.3243369279
9.5100000000 1.1879997248
9.5175000000 1.0649693613
9.5250000000 0.9540272022
9.5325000000 0.8540577206
9.5400000000 0.7640406392
9.5475000000 0.6830435869
9.5550000000 0.6102152430
9.5625000000 0.5447789449
9.5700000000 0.4860267347
9.5775000000 0.4333138209
9.5850000000 0.3860534317
9.5925000000 0.3437120384
9.6000000000 0.3058049264
9.6075000000 0.2718920927
9.6150000000 0.2415744518
9.6225000000 0.2144903279
9.6300000000 0.1903122173
9.6375000000 0.1687438028
9.6450000000 0.1495172030
9.6525000000 0.1323904408
9.6600000000 0.1171451161
9.6675000000 0.1035842689
9.6750000000 0.0915304183
9.6825000000 0.0808237653
9.6900000000 0.0713205470
9.6975000000 0.0628915319
9.7050000000 0.0554206443
9.7125000000 0.0488037084
9.7200000000 0.0429473036
9.7275000000 0.0377677206
9.7350000000 0.0331900120
9.7425000000 0.0291471286
9.7500000000 0.0255791347
9.7575000000 0.0224324958
9.7650000000 0.0196594329
9.7725000000 0.0172173376
9.7800000000 0.0150682423
9.7875000000 0.0131783414
9.7950000000 0.0115175592
9.8025000000 0.0100591587
9.8100000000 0.0087793902
9.8175000000 0.0076571737
9.8250000000 0.0066738138
9.8325000000 0.0058127424
9.8400000000 0.0050592885
9.8475000000 0.0044004712
9.8550000000 0.0038248135
9.8625000000 0.0033221761
9.8700000000 0.0028836087
9.8775000000 0.0025012164
9.8850000000 0.0021680409
9.8925000000 0.0018779537
9.9000000000 0.0016255619
9.9075000000 0.0014061230
9.9150000000 0.0012154701
9.9225000000 0.0010499446
9.9300000000 0.0009063368
9.9375000000 0.0007818329
9.9450000000 0.0006739681
9.9525000000 0.0005805850
9.9600000000 0.0004997966
9.9675000000 0.0004299539
9.9750000000 0.0003696165
9.9825000000 0.0003175279
9.9900000000 0.0002725922
9.9975000000 0.0002338546
10.0050000000 0.0002004838
10.0125000000 0.0001717566
10.0200000000 0.0001470445
10.0275000000 0.0001258012
10.0350000000 0.0001075528
10.0425000000 0.0000918882
10.0500000000 0.0000784509
10.0575000000 0.0000669326
10.0650000000 0.0000570661
10.0725000000 0.0000486204
10.0800000000 0.0000413962
10.0875000000 0.0000352211
10.0950000000 0.0000299465
10.1025000000 0.0000254443
10.1100000000 0.0000216041
10.1175000000 0.0000183308
10.1250000000 0.0000155427
10.1325000000 0.0000131696
10.1400000000 0.0000111512
10.1475000000 0.0000094356
10.1550000000 0.0000079784
10.1625000000 0.0000067417
10.1700000000 0.0000056927
10.1775000000 0.0000048036
10.1850000000 0.0000040506
10.1925000000 0.0000034133
10.2000000000 0.0000028742
10.2075000000 0.0000024187
10.2150000000 0.0000020339
10.2225000000 0.0000017092
10.2300000000 0.0000014353
10.2375000000 0.0000012045
10.2450000000 0.0000010101
10.2525000000 0.0000008464
10.2600000000 0.0000007089
10.2675000000 0.0000005932
10.2750000000 0.0000004961
10.2825000000 0.0000004146
10.2900000000 0.0000003462
10.2975000000 0.0000002890
10.3050000000 0.0000002410
10.3125000000 0.0000002008
10.3200000000 0.0000001673
10.3275000000 0.0000001392
10.3350000000 0.0000001158
10.3425000000 0.0000000962
10.3500000000 0.0000000799
10.3575000000 0.0000000663
10.3650000000 0.0000000550
10.3725000000 0.0000000456
10.3800000000 0.0000000378
10.3875000000 0.0000000313
10.3950000000 0.0000000259
10.4025000000 0.0000000214
10.4100000000 0.0000000177
10.4175000000 0.0000000146
10.4250000000 0.0000000120
10.4325000000 0.0000000099
10.4400000000 0.0000000082
10.4475000000 0.0000000067
10.4550000000 0.0000000055
10.4625000000 0.0000000045
10.4700000000 0.0000000037
10.4775000000 0.0000000031
10.4850000000 0.0000000025
10.4925000000 0.0000000021
10.5000000000 0.0000000017
10.5075000000 0.0000000014
10.5150000000 0.0000000011
10.5225000000 0.0000000009
10.5300000000 0.0000000008
10.5375000000 0.0000000006
10.5450000000 0.0000000005
10.5525000000 0.0000000004
10.5600000000 0.0000000003
10.5675000000 0.0000000003
10.5750000000 0.0000000002
10.5825000000 0.0000000002
10.5900000000 0.0000000001
10.5975000000 0.0000000001
10.6050000000 0.0000000001
10.6125000000 0.0000000001
10.6200000000 0.0000000001
10.6275000000 0.0000000001
10.6350000000 0.0000000000
10.6425000000 0.0000000000
10.6500000000 0.0000000000
10.6575000000 0.0000000000
10.6650000000 0.0000000000
10.6725000000 0.0000000000
10.6800000000 0.0000000000
10.6875000000 0.0000000000
10.6950000000 0.0000000000
10.7025000000 0.0000000000
10.7100000000 0.0000000000
10.7175000000 0.0000000000
10.7250000000 0.0000000000
10.7325000000 0.0000000000
10.7400000000 0.0000000000
10.7475000000 0.0000000000
10.7550000000 0.0000000000
10.7625000000 0.0000000000
10.7700000000 0.0000000000
10.7775000000 0.0000000000
10.7850000000 0.0000000000
10.7925000000 0.0000000000
10.8000000000 0.0000000000
10.8075000000 0.0000000000
10.8150000000 0.0000000000
10.8225000000 0.0000000000
10.8300000000 0.0000000000
10.8375000000 0.0000000000
10.8450000000 0.0000000000
10.8525000000 0.0000000000
10.8600000000 0.0000000000
10.8675000000 0.0000000000
10.8750000000 0.0000000000
10.8825000000 0.0000000000
10.8900000000 0.0000000000
10.8975000000 0.0000000000
10.9050000000 0.0000000000
10.9125000000 0.0000000000
10.9200000000 0.0000000000
10.9275000000 0.0000000000
10.9350000000 0.0000000000
10.9425000000 0.0000000000
10.9500000000 0.0000000000
10.9575000000 0.0000000000
10.9650000000 0.0000000000
10.9725000000 0.0000000000
10.9800000000 0.0000000000
10.9875000000 0.0000000000
10.9950000000 0.0000000000
11.0025000000 0.0000000000
11.0100000000 0.0000000000
11.0175000000 0.0000000000
11.0250000000 0.0000000000
11.0325000000 0.0000000000
11.0400000000 0.0000000000
11.0475000000 0.0000000000
11.0550000000 0.0000000000
11.0625000000 0.0000000000
11.0700000000 0.0000000000
11.0775000000 0.0000000000
11.0850000000 0.0000000000
11.0925000000 0.0000000000
11.1000000000 0.0000000000
11.1075000000 0.0000000000
11.1150000000 0.0000000000
11.1225000000 0.0000000000
11.1300000000 0.0000000000
11.1375000000 0.0000000000
11.1450000000 0.0000000000
11.1525000000 0.0000000000
11.1600000000 0.0000000000
11.1675000000 0.0000000000
11.1750000000 0.0000000000
11.1825000000 0.0000000000
11.1900000000 0.0000000000
11.1975000000 0.0000000000
11.2050000000 0.0000000000
11.2125000000 0.0000000000
11.2200000000 0.0000000000
11.2275000000 0.0000000000
11.2350000000 0.0000000000
11.2425000000 0.0000000000
11.2500000000 0.0000000000
11.2575000000 0.0000000000
11.2650000000 0.0000000000
11.2725000000 0.0000000000
11.2800000000 0.0000000000
11.2875000000 0.0000000000
11.2950000000 0.0000000000
11.3025000000 0.0000000000
11.3100000000 0.0000000000
11.3175000000 0.0000000000
11.3250000000 0.0000000000
11.3325000000 0.0000000000
11.3400000000 0.0000000000
11.3475000000 0.0000000000
11.3550000000 0.0000000000
11.3625000000 0.0000000000
11.3700000000 0.0000000000
11.3775000000 0.0000000000
11.3850000000 0.0000000000
11.3925000000 0.0000000000
11.4000000000 0.0000000000
11.4075000000 0.0000000000
11.4150000000 0.0000000000
11.4225000000 0.0000000000
11.4300000000 0.0000000000
11.4375000000 0.0000000000
11.4450000000 0.0000000000
11.4525000000 0.0000000000
11.4600000000 0.0000000000
11.4675000000 0.0000000000
11.4750000000 0.0000000000
11.4825000000 0.0000000000
11.4900000000 0.0000000000
11.4975000000 0.0000000000
11.5050000000 0.0000000000
11.5125000000 0.0000000000
11.5200000000 0.0000000000
11.5275000000 0.0000000000
11.5350000000 0.0000000000
11.5425000000 0.0000000000
11.5500000000 0.0000000000
11.5575000000 0.0000000000
11.5650000000 0.0000000000
11.5725000000 0.0000000000
11.5800000000 0.0000000000
11.5875000000 0.0000000000
11.5950000000 0.0000000000
11.6025000000 0.0000000000
11.6100000000 0.0000000000
11.6175000000 0.0000000000
11.6250000000 0.0000000000
11.6325000000 0.0000000000
11.6400000000 0.0000000000
11.6475000000 0.0000000000
11.6550000000 0.0000000000
11.6625000000 0.0000000000
11.6700000000 0.0000000000
11.6775000000 0.0000000000
11.6850000000 0.0000000000
11.6925000000 0.0000000000
11.7000000000 0.0000000000
11.7075000000 0.0000000000
11.7150000000 0.0000000000
11.7225000000 0.0000000000
11.7300000000 0.0000000000
11.7375000000 0.0000000000
11.7450000000 0.0000000000
11.7525000000 0.0000000000
11.7600000000 0.0000000000
11.7675000000 0.0000000000
11.7750000000 0.0000000000
11.7825000000 0.0000000000
11.7900000000 0.0000000000
11.7975000000 0.0000000000
11.8050000000 0.0000000000
11.8125000000 0.0000000000
11.8200000000 0.0000000000
11.8275000000 0.0000000000
11.8350000000 0.0000000000
11.8425000000 0.0000000000
11.8500000000 0.0000000000
11.8575000000 0.0000000000
11.8650000000 0.0000000000
11.8725000000 0.0000000000
11.8800000000 0.0000000000
11.8875000000 0.0000000000
11.8950000000 0.0000000000
11.9025000000 0.0000000000
11.9100000000 0.0000000000
11.9175000000 0.0000000000
11.9250000000 0.0000000000
11.9325000000 0.0000000000
11.9400000000 0.0000000000
11.9475000000 0.0000000000
11.9550000000 0.0000000000
11.9625000000 0.0000000000
11.9700000000 0.0000000000
11.9775000000 0.0000000000
11.9850000000 0.0000000000
11.9925000000 0.0000000000
12.0000000000 0.0000000000
12.0075000000 0.0000000000
12.0150000000 0.0000000000
12.0225000000 0.0000000000
12.0300000000 0.0000000000
12.0375000000 0.0000000000
12.0450000000 0.0000000000
12.0525000000 0.0000000000
12.0600000000 0.0000000000
12.0675000000 0.0000000000
12.0750000000 0.0000000000
12.0825000000 0.0000000000
12.0900000000 0.0000000000
12.0975000000 0.0000000000
12.1050000000 0.0000000000
12.1125000000 0.0000000000
12.1200000000 0.0000000000
12.1275000000 0.0000000000
12.1350000000 0.0000000000
12.1425000000 0.0000000000
12.1500000000 0.0000000000
12.1575000000 0.0000000000
12.1650000000 0.0000000000
12.1725000000 0.0000000000
12.1800000000 0.0000000000
12.1875000000 0.0000000000
12.1950000000 0.0000000000
12.2025000000 0.0000000000
12.2100000000 0.0000000000
12.2175000000 0.0000000000
12.2250000000 0.0000000000
12.2325000000 0.0000000000
12.2400000000 0.0000000000
12.2475000000 0.0000000000
12.2550000000 0.0000000000
12.2625000000 0.0000000000
12.2700000000 0.0000000000
12.2775000000 0.0000000000
12.2850000000 0.0000000000
12.2925000000 0.0000000000
12.3000000000 0.0000000000
12.3075000000 0.0000000000
12.3150000000 0.0000000000
12.3225000000 0.0000000000
12.3300000000 0.0000000000
12.3375000000 0.0000000000
12.3450000000 0.0000000000
12.3525000000 0.0000000000
12.3600000000 0.0000000000
12.3675000000 0.0000000000
12.3750000000 0.0000000000
12.3825000000 0.0000000000
12.3900000000 0.0000000000
12.3975000000 0.0000000000
12.4050000000 0.0000000000
12.4125000000 0.0000000000
12.4200000000 0.0000000000
12.4275000000 0.0000000000
12.4350000000 0.0000000000
12.4425000000 0.0000000000
12.4500000000 0.0000000000
12.4575000000 0.0000000000
12.4650000000 0.0000000000
12.4725000000 0.0000000000
12.4800000000 0.0000000000
12.4875000000 0.0000000000
12.4950000000 0.0000000000
12.5025000000 0.0000000000
12.5100000000 0.0000000000
12.5175000000 0.0000000000
12.5250000000 0.0000000000
12.5325000000 0.0000000000
12.5400000000 0.0000000000
12.5475000000 0.0000000000
12.5550000000 0.0000000000
12.5625000000 0.0000000000
12.5700000000 0.0000000000
12.5775000000 0.0000000000
12.5850000000 0.0000000000
12.5925000000 0.0000000000
12.6000000000 0.0000000000
12.6075000000 0.0000000000
12.6150000000 0.0000000000
12.6225000000 0.0000000000
12.6300000000 0.0000000000
12.6375000000 0.0000000000
12.6450000000 0.0000000000
12.6525000000 0.0000000000
12.6600000000 0.0000000000
12.6675000000 0.0000000000
12.6750000000 0.0000000000
12.6825000000 0.0000000000
12.6900000000 0.0000000000
12.6975000000 0.0000000000
12.7050000000 0.0000000000
12.7125000000 0.0000000000
12.7200000000 0.0000000000
12.7275000000 0.0000000000
12.7350000000 0.0000000000
12.7425000000 0.0000000000
12.7500000000 0.0000000000
12.7575000000 0.0000000000
12.7650000000 0.0000000000
12.7725000000 0.0000000000
12.7800000000 0.0000000000
12.7875000000 0.0000000000
12.7950000000 0.0000000000
12.8025000000 0.0000000000
12.8100000000 0.0000000000
12.8175000000 0.0000000000
12.8250000000 0.0000000000
12.8325000000 0.0000000000
12.8400000000 0.0000000000
12.8475000000 0.0000000000
12.8550000000 0.0000000000
12.8625000000 0.0000000000
12.8700000000 0.0000000000
12.8775000000 0.0000000000
12.8850000000 0.0000000000
12.8925000000 0.0000000000
12.9000000000 0.0000000000
12.9075000000 0.0000000000
12.9150000000 0.0000000000
12.9225000000 0.0000000000
12.9300000000 0.0000000000
12.9375000000 0.0000000000
12.9450000000 0.0000000000
12.9525000000 0.0000000000
12.9600000000 0.0000000000
12.9675000000 0.0000000000
12.9750000000 0.0000000000
12.9825000000 0.0000000000
12.9900000000 0.0000000000
12.9975000000 0.0000000000
13.0050000000 0.0000000000
13.0125000000 0.0000000000
13.0200000000 0.0000000000
13.0275000000 0.0000000000
13.0350000000 0.0000000000
13.0425000000 0.0000000000
13.0500000000 0.0000000000
13.0575000000 0.0000000000
13.0650000000 0.0000000000
13.0725000000 0.0000000000
13.0800000000 0.0000000000
13.0875000000 0.0000000000
13.0950000000 0.0000000000
13.1025000000 0.0000000000
13.1100000000 0.0000000000
13.1175000000 0.0000000000
13.1250000000 0.0000000000
13.1325000000 0.0000000000
13.1400000000 0.0000000000
13.1475000000 0.0000000000
13.1550000000 0.0000000000
13.1625000000 0.0000000000
13.1700000000 0.0000000000
13.1775000000 0.0000000000
13.1850000000 0.0000000000
13.1925000000 0.0000000000
13.2000000000 0.0000000000
13.2075000000 0.0000000000
13.2150000000 0.0000000000
13.2225000000 0.0000000000
13.2300000000 0.0000000000
13.2375000000 0.0000000000
13.2450000000 0.0000000000
13.2525000000 0.0000000000
13.2600000000 0.0000000000
13.2675000000 0.0000000000
13.2750000000 0.0000000000
13.2825000000 0.0000000000
13.2900000000 0.0000000000
13.2975000000 0.0000000000
13.3050000000 0.0000000000
13.3125000000 0.0000000000
13.3200000000 0.0000000000
13.3275000000 0.0000000000
13.3350000000 0.0000000000
13.3425000000 0.0000000000
13.3500000000 0.0000000000
13.3575000000 0.0000000000
13.3650000000 0.0000000000
13.3725000000 0.0000000000
13.3800000000 0.0000000000
13.3875000000 0.0000000000
13.3950000000 0.0000000000
13.4025000000 0.0000000000
13.4100000000 0.0000000000
13.4175000000 0.0000000000
13.4250000000 0.0000000000
13.4325000000 0.0000000000
13.4400000000 0.0000000000
13.4475000000 0.0000000000
13.4550000000 0.0000000000
13.4625000000 0.0000000000
13.4700000000 0.0000000000
13.4775000000 0.0000000000
13.4850000000 0.0000000000
13.4925000000 0.0000000000
13.5000000000 0.0000000000
13.5075000000 0.0000000000
13.5150000000 0.0000000000
13.5225000000 0.0000000000
13.5300000000 0.0000000000
13.5375000000 0.0000000000
13.5450000000 0.0000000000
13.5525000000 0.0000000000
13.5600000000 0.0000000000
13.5675000000 0.0000000000
13.5750000000 0.0000000000
13.5825000000 0.0000000000
13.5900000000 0.0000000000
13.5975000000 0.0000000000
13.6050000000 0.0000000000
13.6125000000 0.0000000000
13.6200000000 0.0000000000
13.6275000000 0.0000000000
13.6350000000 0.0000000000
13.6425000000 0.0000000000
13.6500000000 0.0000000000
13.6575000000 0.0000000000
13.6650000000 0.0000000000
13.6725000000 0.0000000000
13.6800000000 0.0000000000
13.6875000000 0.0000000000
13.6950000000 0.0000000000
13.7025000000 0.0000000000
13.7100000000 0.0000000000
13.7175000000 0.0000000000
13.7250000000 0.0000000000
13.7325000000 0.0000000000
13.7400000000 0.0000000000
13.7475000000 0.0000000000
13.7550000000 0.0000000000
13.7625000000 0.0000000000
13.7700000000 0.0000000000
13.7775000000 0.0000000000
13.7850000000 0.0000000000
13.7925000000 0.0000000000
13.8000000000 0.0000000000
13.8075000000 0.0000000000
13.8150000000 0.0000000000
13.8225000000 0.0000000000
13.8300000000 0.0000000000
13.8375000000 0.0000000000
13.8450000000 0.0000000000
13.8525000000 0.0000000000
13.8600000000 0.0000000000
13.8675000000 0.0000000000
13.8750000000 0.0000000000
13.8825000000 0.0000000000
13.8900000000 0.0000000000
13.8975000000 0.0000000000
13.9050000000 0.0000000000
13.9125000000 0.0000000000
13.9200000000 0.0000000000
13.9275000000 0.0000000000
13.9350000000 0.0000000000
13.9425000000 0.0000000000
13.9500000000 0.0000000000
13.9575000000 0.0000000000
13.9650000000 0.0000000000
13.9725000000 0.0000000000
13.9800000000 0.0000000000
13.9875000000 0.0000000000
13.9950000000 0.0000000000
14.0025000000 0.0000000000
14.0100000000 0.0000000000
14.0175000000 0.0000000000
14.0250000000 0.0000000000
14.0325000000 0.0000000000
14.0400000000 0.0000000000
14.0475000000 0.0000000000
14.0550000000 0.0000000000
14.0625000000 0.0000000000
14.0700000000 0.0000000000
14.0775000000 0.0000000000
14.0850000000 0.0000000000
14.0925000000 0.0000000000
14.1000000000 0.0000000000
14.1075000000 0.0000000000
14.1150000000 0.0000000000
14.1225000000 0.0000000000
14.1300000000 0.0000000000
14.1375000000 0.0000000000
14.1450000000 0.0000000000
14.1525000000 0.0000000000
14.1600000000 0.0000000000
14.1675000000 0.0000000000
14.1750000000 0.0000000000
14.1825000000 0.0000000000
14.1900000000 0.0000000000
14.1975000000 0.0000000000
14.2050000000 0.0000000000
14.2125000000 0.0000000000
14.2200000000 0.0000000000
14.2275000000 0.0000000000
14.2350000000 0.0000000000
14.2425000000 0.0000000000
14.2500000000 0.0000000000
14.2575000000 0.0000000000
14.2650000000 0.0000000000
14.2725000000 0.0000000000
14.2800000000 0.0000000000
14.2875000000 0.0000000000
14.2950000000 0.0000000000
14.3025000000 0.0000000000
14.3100000000 0.0000000000
14.3175000000 0.0000000000
14.3250000000 0.0000000000
14.3325000000 0.0000000000
14.3400000000 0.0000000000
14.3475000000 0.0000000000
14.3550000000 0.0000000000
14.3625000000 0.0000000000
14.3700000000 0.0000000000
14.3775000000 0.0000000000
14.3850000000 0.0000000000
14.3925000000 0.0000000000
14.4000000000 0.0000000000
14.4075000000 0.0000000000
14.4150000000 0.0000000000
14.4225000000 0.0000000000
14.4300000000 0.0000000000
14.4375000000 0.0000000000
14.4450000000 0.0000000000
14.4525000000 0.0000000000
14.4600000000 0.0000000000
14.4675000000 0.0000000000
14.4750000000 0.0000000000
14.4825000000 0.0000000000
14.4900000000 0.0000000000
14.4975000000 0.0000000000
14.5050000000 0.0000000000
14.5125000000 0.0000000000
14.5200000000 0.0000000000
14.5275000000 0.0000000000
14.5350000000 0.0000000000
14.5425000000 0.0000000000
14.5500000000 0.0000000000
14.5575000000 0.0000000000
14.5650000000 0.0000000000
14.5725000000 0.0000000000
14.5800000000 0.0000000000
14.5875000000 0.0000000000
14.5950000000 0.0000000000
14.6025000000 0.0000000000
14.6100000000 0.0000000000
14.6175000000 0.0000000000
14.6250000000 0.0000000000
14.6325000000 0.0000000000
14.6400000000 0.0000000000
14.6475000000 0.0000000000
14.6550000000 0.0000000000
14.6625000000 0.0000000000
14.6700000000 0.0000000000
14.6775000000 0.0000000000
14.6850000000 0.0000000000
14.6925000000 0.0000000000
14.7000000000 0.0000000000
14.7075000000 0.0000000000
14.7150000000 0.0000000000
14.7225000000 0.0000000000
14.7300000000 0.0000000000
14.7375000000 0.0000000000
14.7450000000 0.0000000000
14.7525000000 0.0000000000
14.7600000000 0.0000000000
14.7675000000 0.0000000000
14.7750000000 0.0000000000
14.7825000000 0.0000000000
14.7900000000 0.0000000000
14.7975000000 0.0000000000
14.8050000000 0.0000000000
14.8125000000 0.0000000000
14.8200000000 0.0000000000
14.8275000000 0.0000000000
14.8350000000 0.0000000000
14.8425000000 0.0000000000
14.8500000000 0.0000000000
14.8575000000 0.0000000000
14.8650000000 0.0000000000
14.8725000000 0.0000000000
14.8800000000 0.0000000000
14.8875000000 0.0000000000
14.8950000000 0.0000000000
14.9025000000 0.0000000000
14.9100000000 0.0000000000
14.9175000000 0.0000000000
14.9250000000 0.0000000000
14.9325000000 0.0000000000
14.9400000000 0.0000000000
14.9475000000 0.0000000000
14.9550000000 0.0000000000
14.9625000000 0.0000000000
14.9700000000 0.0000000000
14.9775000000 0.0000000000
14.9850000000 0.0000000000
14.9925000000 0.0000000000
