0.0000000000 0.0000006352
0.0075000000 0.0000007609
0.0150000000 0.0000009109
0.0225000000 0.0000010897
0.0300000000 0.0000013027
0.0375000000 0.0000015562
0.0450000000 0.0000018578
0.0525000000 0.0000022162
0.0600000000 0.0000026419
0.0675000000 0.0000031472
0.0750000000 0.0000037465
0.0825000000 0.0000044567
0.0900000000 0.0000052979
0.0975000000 0.0000062934
0.1050000000 0.0000074708
0.1125000000 0.0000088621
0.1200000000 0.0000105052
0.1275000000 0.0000124442
0.1350000000 0.0000147307
0.1425000000 0.0000174251
0.1500000000 0.0000205978
0.1575000000 0.0000243311
0.1650000000 0.0000287208
0.1725000000 0.0000338787
0.1800000000 0.0000399347
0.1875000000 0.0000470403
0.1950000000 0.0000553712
0.2025000000 0.0000651316
0.2100000000 0.0000765588
0.2175000000 0.0000899275
0.2250000000 0.0001055565
0.2325000000 0.0001238146
0.2400000000 0.0001451288
0.2475000000 0.0001699925
0.2550000000 0.0001989760
0.2625000000 0.0002327374
0.2700000000 0.0002720359
0.2775000000 0.0003177467
0.2850000000 0.0003708774
0.2925000000 0.0004325879
0.3000000000 0.0005042119
0.3075000000 0.0005872816
0.3150000000 0.0006835563
0.3225000000 0.0007950545
0.3300000000 0.0009240896
0.3375000000 0.0010733119
0.3450000000 0.0012457544
0.3525000000 0.0014448859
0.3600000000 0.0016746703
0.3675000000 0.0019396337
0.3750000000 0.0022449401
0.3825000000 0.0025964767
0.3900000000 0.0030009499
0.3975000000 0.0034659930
0.4050000000 0.0040002881
0.4125000000 0.0046137014
0.4200000000 0.0053174368
0.4275000000 0.0061242066
0.4350000000 0.0070484230
0.4425000000 0.0081064131
0.4500000000 0.0093166575
0.4575000000 0.0107000590
0.4650000000 0.0122802399
0.4725000000 0.0140838751
0.4800000000 0.0161410624
0.4875000000 0.0184857342
0.4950000000 0.0211561154
0.5025000000 0.0241952320
0.5100000000 0.0276514742
0.5175000000 0.0315792220
0.5250000000 0.0360395367
0.5325000000 0.0411009262
0.5400000000 0.0468401909
0.5475000000 0.0533433567
0.5550000000 0.0607067052
0.5625000000 0.0690379078
0.5700000000 0.0784572746
0.5775000000 0.0890991274
0.5850000000 0.1011133086
0.5925000000 0.1146668360
0.6000000000 0.1299457183
0.6075000000 0.1471569427
0.6150000000 0.1665306496
0.6225000000 0.1883225097
0.6300000000 0.2128163193
0.6375000000 0.2403268310
0.6450000000 0.2712028376
0.6525000000 0.3058305292
0.6600000000 0.3446371426
0.6675000000 0.3880949245
0.6750000000 0.4367254319
0.6825000000 0.4911041913
0.6900000000 0.5518657429
0.6975000000 0.6197090939
0.7050000000 0.6954036092
0.7125000000 0.7797953650
0.7200000000 0.8738139959
0.7275000000 0.9784800643
0.7350000000 1.0949129818
0.7425000000 1.2243395155
0.7500000000 1.3681029091
0.7575000000 1.5276726539
0.7650000000 1.7046549396
0.7725000000 1.9008038218
0.7800000000 2.1180331367
0.7875000000 2.3584291986
0.7950000000 2.6242643125
0.8025000000 2.9180111357
0.8100000000 3.2423579201
0.8175000000 3.6002246668
0.8250000000 3.9947802230
0.8325000000 4.4294603514
0.8400000000 4.9079867962
0.8475000000 5.4343873730
0.8550000000 6.0130171038
0.8625000000 6.6485804148
0.8700000000 7.3461544150
0.8775000000 8.1112132648
0.8850000000 8.9496536442
0.8925000000 9.8678213205
0.9000000000 10.8725388141
0.9075000000 11.9711341529
0.9150000000 13.1714706990
0.9225000000 14.4819780255
0.9300000000 15.9116838127
0.9375000000 17.4702467244
0.9450000000 19.1679902169
0.9525000000 21.0159372234
0.9600000000 23.0258456454
0.9675000000 25.2102445741
0.9750000000 27.5824711511
0.9825000000 30.1567079673
0.9900000000 32.9480208858
0.9975000000 35.9723971627
1.0050000000 39.2467837246
1.0125000000 42.7891254485
1.0200000000 46.6184032771
1.0275000000 50.7546719849
1.0350000000 55.2190973989
1.0425000000 60.0339928604
1.0500000000 65.2228547004
1.0575000000 70.8103964862
1.0650000000 76.8225817812
1.0725000000 83.2866551465
1.0800000000 90.2311710958
1.0875000000 97.6860207049
1.0950000000 105.6824555604
1.1025000000 114.2531087213
1.1100000000 123.4320123552
1.1175000000 133.2546116993
1.1250000000 143.7577749880
1.1325000000 154.9797989784
1.1400000000 166.9604097015
1.1475000000 179.7407580585
1.1550000000 193.3634098792
1.1625000000 207.8723300596
1.1700000000 223.3128603943
1.1775000000 239.7316907238
1.1850000000 257.1768230210
1.1925000000 275.6975280508
1.2000000000 295.3442942461
1.2075000000 316.1687684580
1.2150000000 338.2236882535
1.2225000000 361.5628054562
1.2300000000 386.2408006443
1.2375000000 412.3131883513
1.2450000000 439.8362127406
1.2525000000 468.8667335580
1.2600000000 499.4621022072
1.2675000000 531.6800278250
1.2750000000 565.5784332836
1.2825000000 601.2153010885
1.2900000000 638.6485091923
1.2975000000 677.9356567961
1.3050000000 719.1338802660
1.3125000000 762.2996593504
1.3200000000 807.4886139449
1.3275000000 854.7552917122
1.3350000000 904.1529469345
1.3425000000 955.7333110352
1.3500000000 1009.5463552836
1.3575000000 1065.6400462569
1.3650000000 1124.0600947110
1.3725000000 1184.8496985760
1.3800000000 1248.0492808662
1.3875000000 1313.6962233611
1.3950000000 1381.8245969834
1.4025000000 1452.4648898654
1.4100000000 1525.6437341600
1.4175000000 1601.3836327144
1.4250000000 1679.7026867805
1.4325000000 1760.6143259947
1.4400000000 1844.1270419048
1.4475000000 1930.2441263714
1.4550000000 2018.9634162069
1.4625000000 2110.2770454531
1.4700000000 2204.1712067224
1.4775000000 2300.6259230485
1.4850000000 2399.6148317086
1.4925000000 2501.1049814795
1.5000000000 2605.0566447908
1.5075000000 2711.4231462255
1.5150000000 2820.1507087971
1.5225000000 2931.1783194047
1.5300000000 3044.4376148277
1.5375000000 3159.8527895734
1.5450000000 3277.3405268339
1.5525000000 3396.8099537414
1.5600000000 3518.1626220352
1.5675000000 3641.2925151650
1.5750000000 3766.0860827658
1.5825000000 3892.4223033300
1.5900000000 4020.1727757940
1.5975000000 4149.2018406358
1.6050000000 4279.3667309514
1.6125000000 4410.5177538443
1.6200000000 4542.4985023206
1.6275000000 4675.1460977359
1.6350000000 4808.2914626896
1.6425000000 4941.7596241039
1.6500000000 5075.3700460707
1.6575000000 5208.9369918829
1.6650000000 5342.2699145098
1.6725000000 5475.1738746097
1.6800000000 5607.4499850140
1.6875000000 5738.8958804544
1.6950000000 5869.3062111497
1.7025000000 5998.4731587162
1.7100000000 6126.1869727140
1.7175000000 6252.2365260043
1.7250000000 6376.4098869546
1.7325000000 6498.4949064042
1.7400000000 6618.2798171825
1.7475000000 6735.5538438697
1.7550000000 6850.1078203870
1.7625000000 6961.7348129264
1.7700000000 7070.2307456513
1.7775000000 7175.3950265460
1.7850000000 7277.0311707446
1.7925000000 7374.9474186410
1.8000000000 7468.9573460658
1.8075000000 7558.8804638163
1.8150000000 7644.5428038407
1.8225000000 7725.7774894088
1.8300000000 7802.4252866472
1.8375000000 7874.3351348800
1.8450000000 7941.3646532911
1.8525000000 8003.3806215187
1.8600000000 8060.2594318967
1.8675000000 8111.8875111785
1.8750000000 8158.1617097137
1.8825000000 8198.9896561929
1.8900000000 8234.2900762339
1.8975000000 8263.9930732521
1.9050000000 8288.0403702352
1.9125000000 8306.3855112315
1.9200000000 8318.9940215526
1.9275000000 8325.8435258963
1.9350000000 8326.9238237994
1.9425000000 8322.2369220399
1.9500000000 8311.7970238227
1.9575000000 8295.6304747949
1.9650000000 8273.7756661507
1.9725000000 8246.2828952988
1.9800000000 8213.2141847726
1.9875000000 8174.6430602703
1.9950000000 8130.6542889100
2.0025000000 8081.3435789771
2.0100000000 8026.8172426288
2.0175000000 7967.1918231913
2.0250000000 7902.5936888563
2.0325000000 7833.1585947321
2.0400000000 7759.0312153525
2.0475000000 7680.3646498700
2.0550000000 7597.3199022815
2.0625000000 7510.0653391321
2.0700000000 7418.7761272316
2.0775000000 7323.6336539888
2.0850000000 7224.8249330263
2.0925000000 7122.5419977784
2.1000000000 7016.9812858002
2.1075000000 6908.3430165249
2.1150000000 6796.8305652004
2.1225000000 6682.6498357164
2.1300000000 6566.0086349939
2.1375000000 6447.1160515613
2.1450000000 6326.1818408755
2.1525000000 6203.4158198689
2.1600000000 6079.0272731112
2.1675000000 5953.2243728762
2.1750000000 5826.2136152873
2.1825000000 5698.1992745944
2.1900000000 5569.3828775022
2.1975000000 5439.9626993299
2.2050000000 5310.1332836354
2.2125000000 5180.0849867848
2.2200000000 5050.0035487886
2.2275000000 4920.0696915676
2.2350000000 4790.4587456438
2.2425000000 4661.3403060906
2.2500000000 4532.8779184062
2.2575000000 4405.2287948133
2.2650000000 4278.5435613204
2.2725000000 4152.9660357224
2.2800000000 4028.6330365603
2.2875000000 3905.6742229036
2.2950000000 3784.2119646771
2.3025000000 3664.3612431068
2.3100000000 3546.2295807278
2.3175000000 3429.9170002686
2.3250000000 3315.5160116077
2.3325000000 3203.1116258850
2.3400000000 3092.7813957515
2.3475000000 2984.5954806440
2.3550000000 2878.6167358924
2.3625000000 2774.9008243886
2.3700000000 2673.4963494858
2.3775000000 2574.4450077389
2.3850000000 2477.7817600574
2.3925000000 2383.5350198006
2.4000000000 2291.7268563257
2.4075000000 2202.3732124809
2.4150000000 2115.4841345272
2.4225000000 2031.0640129784
2.4300000000 1949.1118328552
2.4375000000 1869.6214318712
2.4450000000 1792.5817650900
2.4525000000 1717.9771746310
2.4600000000 1645.7876630361
2.4675000000 1575.9891689564
2.4750000000 1508.5538438718
2.4825000000 1443.4503286062
2.4900000000 1380.6440284680
2.4975000000 1320.0973859030
2.5050000000 1261.7701496193
2.5125000000 1205.6196392088
2.5200000000 1151.6010043658
2.5275000000 1099.6674778721
2.5350000000 1049.7706215967
2.5425000000 1001.8605648284
2.5500000000 955.8862343367
2.5575000000 911.7955756311
2.5650000000 869.5357649594
2.5725000000 829.0534116592
2.5800000000 790.2947505475
2.5875000000 753.2058240991
2.5950000000 717.7326542321
2.6025000000 683.8214035808
2.6100000000 651.4185261973
2.6175000000 620.4709076787
2.6250000000 590.9259947713
2.6325000000 562.7319145545
2.6400000000 535.8375833510
2.6475000000 510.1928055565
2.6550000000 485.7483626180
2.6625000000 462.4560924282
2.6700000000 440.2689594342
2.6775000000 419.1411157870
2.6850000000 399.0279538827
2.6925000000 379.8861506680
2.7000000000 361.6737041007
2.7075000000 344.3499621674
2.7150000000 327.8756448753
2.7225000000 312.2128596402
2.7300000000 297.3251104982
2.7375000000 283.1773015720
2.7450000000 269.7357352207
2.7525000000 256.9681052998
2.7600000000 244.8434859526
2.7675000000 233.3323163477
2.7750000000 222.4063817668
2.7825000000 212.0387914375
2.7900000000 202.2039534924
2.7975000000 192.8775474234
2.8050000000 184.0364943822
2.8125000000 175.6589256672
2.8200000000 167.7241497151
2.8275000000 160.2126179006
2.8350000000 153.1058894307
2.8425000000 146.3865955999
2.8500000000 140.0384036539
2.8575000000 134.0459804942
2.8650000000 128.3949564326
2.8725000000 123.0718891903
2.8800000000 118.0642283148
2.8875000000 113.3602801739
2.8950000000 108.9491736639
2.9025000000 104.8208267547
2.9100000000 100.9659139799
2.9175000000 97.3758349582
2.9250000000 94.0426840245
2.9325000000 90.9592210276
2.9400000000 88.1188433428
2.9475000000 85.5155591311
2.9550000000 83.1439618666
2.9625000000 80.9992061392
2.9700000000 79.0769847322
2.9775000000 77.3735069615
2.9850000000 75.8854782549
2.9925000000 74.6100809412
3.0000000000 73.5449562105
3.0075000000 72.6881872004
3.0150000000 72.0382831564
3.0225000000 71.5941646079
3.0300000000 71.3551494980
3.0375000000 71.3209401986
3.0450000000 71.4916113412
3.0525000000 71.8675983873
3.0600000000 72.4496868631
3.0675000000 73.2390021785
3.0750000000 74.2369999507
3.0825000000 75.4454567503
3.0900000000 76.8664611892
3.0975000000 78.5024052679
3.1050000000 80.3559759010
3.1125000000 82.4301465411
3.1200000000 84.7281688226
3.1275000000 87.2535641481
3.1350000000 90.0101151433
3.1425000000 93.0018569085
3.1500000000 96.2330679977
3.1575000000 99.7082610603
3.1650000000 103.4321730836
3.1725000000 107.4097551793
3.1800000000 111.6461618599
3.1875000000 116.1467397579
3.1950000000 120.9170157440
3.2025000000 125.9626844070
3.2100000000 131.2895948628
3.2175000000 136.9037368659
3.2250000000 142.8112262040
3.2325000000 149.0182893603
3.2400000000 155.5312474374
3.2475000000 162.3564993403
3.2550000000 169.5005042250
3.2625000000 176.9697632250
3.2700000000 184.7708004743
3.2775000000 192.9101434545
3.2850000000 201.3943026971
3.2925000000 210.2297508824
3.3000000000 219.4229013808
3.3075000000 228.9800862893
3.3150000000 238.9075340234
3.3225000000 249.2113465297
3.3300000000 259.8974761909
3.3375000000 270.9717025001
3.3450000000 282.4396085871
3.3525000000 294.3065576845
3.3600000000 306.5776696234
3.3675000000 319.2577974572
3.3750000000 332.3515043088
3.3825000000 345.8630405465
3.3900000000 359.7963213889
3.3975000000 374.1549050464
3.4050000000 388.9419715046
3.4125000000 404.1603020548
3.4200000000 419.8122596783
3.4275000000 435.8997703870
3.4350000000 452.4243056230
3.4425000000 469.3868658154
3.4500000000 486.7879651883
3.4575000000 504.6276179113
3.4650000000 522.9053256766
3.4725000000 541.6200667812
3.4800000000 560.7702867855
3.4875000000 580.3538908138
3.4950000000 600.3682375507
3.5025000000 620.8101349817
3.5100000000 641.6758379143
3.5175000000 662.9610473090
3.5250000000 684.6609114352
3.5325000000 706.7700288609
3.5400000000 729.2824532695
3.5475000000 752.1917000905
3.5550000000 775.4907549151
3.5625000000 799.1720836609
3.5700000000 823.2276444344
3.5775000000 847.6489010328
3.5850000000 872.4268380145
3.5925000000 897.5519772563
3.6000000000 923.0143959074
3.6075000000 948.8037456420
3.6150000000 974.9092730996
3.6225000000 1001.3198414009
3.6300000000 1028.0239526149
3.6375000000 1055.0097710514
3.6450000000 1082.2651472449
3.6525000000 1109.7776424957
3.6600000000 1137.5345538306
3.6675000000 1165.5229392436
3.6750000000 1193.7296430783
3.6825000000 1222.1413214166
3.6900000000 1250.7444673386
3.6975000000 1279.5254359259
3.7050000000 1308.4704688829
3.7125000000 1337.5657186616
3.7200000000 1366.7972719807
3.7275000000 1396.1511726394
3.7350000000 1425.6134435405
3.7425000000 1455.1701078427
3.7500000000 1484.8072091826
3.7575000000 1514.5108309126
3.7650000000 1544.2671143222
3.7725000000 1574.0622758196
3.7800000000 1603.8826230695
3.7875000000 1633.7145700975
3.7950000000 1663.5446513870
3.8025000000 1693.3595350111
3.8100000000 1723.1460348574
3.8175000000 1752.8911220188
3.8250000000 1782.5819354397
3.8325000000 1812.2057919169
3.8400000000 1841.7501955745
3.8475000000 1871.2028469372
3.8550000000 1900.5516517417
3.8625000000 1929.7847296338
3.8700000000 1958.8904229076
3.8775000000 1987.8573054480
3.8850000000 2016.6741920421
3.8925000000 2045.3301482307
3.9000000000 2073.8145008657
3.9075000000 2102.1168495431
3.9150000000 2130.2270790740
3.9225000000 2158.1353731493
3.9300000000 2185.8322293491
3.9375000000 2213.3084756318
3.9450000000 2240.5552884294
3.9525000000 2267.5642124576
3.9600000000 2294.3271823321
3.9675000000 2320.8365460660
3.9750000000 2347.0850904965
3.9825000000 2373.0660686727
3.9900000000 2398.7732292049
3.9975000000 2424.2008475562
4.0050000000 2449.3437592242
4.0125000000 2474.1973947369
4.0200000000 2498.7578163546
4.0275000000 2523.0217563421
4.0350000000 2546.9866566461
4.0425000000 2570.6507097798
4.0500000000 2594.0129006936
4.0575000000 2617.0730493743
4.0650000000 2639.8318538960
4.0725000000 2662.2909336121
4.0800000000 2684.4528721593
4.0875000000 2706.3212599156
4.0950000000 2727.9007355404
4.1025000000 2749.1970261992
4.1100000000 2770.2169860665
4.1175000000 2790.9686326831
4.1250000000 2811.4611807366
4.1325000000 2831.7050728283
4.1400000000 2851.7120067859
4.1475000000 2871.4949590830
4.1550000000 2891.0682039321
4.1625000000 2910.4473276269
4.1700000000 2929.6492377217
4.1775000000 2948.6921666530
4.1850000000 2967.5956694320
4.1925000000 2986.3806150577
4.2000000000 3005.0691713334
4.2075000000 3023.6847827998
4.2150000000 3042.2521415356
4.2225000000 3060.7971506170
4.2300000000 3079.3468800701
4.2375000000 3097.9295151968
4.2450000000 3116.5742972057
4.2525000000 3135.3114561277
4.2600000000 3154.1721360549
4.2675000000 3173.1883127918
4.2750000000 3192.3927040680
4.2825000000 3211.8186725190
4.2900000000 3231.5001216991
4.2975000000 3251.4713854496
4.3050000000 3271.7671110037
4.3125000000 3292.4221362658
4.3200000000 3313.4713617602
4.3275000000 3334.9496177972
4.3350000000 3356.8915274569
4.3425000000 3379.3313660395
4.3500000000 3402.3029176783
4.3575000000 3425.8393298525
4.3650000000 3449.9729665760
4.3725000000 3474.7352610717
4.3800000000 3500.1565687710
4.3875000000 3526.2660215021
4.3950000000 3553.0913837474
4.4025000000 3580.6589118663
4.4100000000 3608.9932171847
4.4175000000 3638.1171338542
4.4250000000 3668.0515923774
4.4325000000 3698.8154996872
4.4400000000 3730.4256266450
4.4475000000 3762.8965038033
4.4550000000 3796.2403262430
4.4625000000 3830.4668682616
4.4700000000 3865.5834086417
4.4775000000 3901.5946671843
4.4850000000 3938.5027531308
4.4925000000 3976.3071260406
4.5000000000 4015.0045696253
4.5075000000 4054.5891789657
4.5150000000 4095.0523614685
4.5225000000 4136.3828518355
4.5300000000 4178.5667412376
4.5375000000 4221.5875208008
4.5450000000 4265.4261394216
4.5525000000 4310.0610758411
4.5600000000 4355.4684248136
4.5675000000 4401.6219971170
4.5750000000 4448.4934330559
4.5825000000 4496.0523290218
4.5900000000 4544.2663765799
4.5975000000 4593.1015134683
4.6050000000 4642.5220858054
4.6125000000 4692.4910207217
4.6200000000 4742.9700085513
4.6275000000 4793.9196936457
4.6350000000 4845.2998728000
4.6425000000 4897.0697002205
4.6500000000 4949.1878979004
4.6575000000 5001.6129702235
4.6650000000 5054.3034215650
4.6725000000 5107.2179756247
4.6800000000 5160.3157951958
4.6875000000 5213.5567010513
4.6950000000 5266.9013886139
4.7025000000 5320.3116410716
4.7100000000 5373.7505376019
4.7175000000 5427.1826553813
4.7250000000 5480.5742640727
4.7325000000 5533.8935115162
4.7400000000 5587.1105993822
4.7475000000 5640.1979475929
4.7550000000 5693.1303463717
4.7625000000 5745.8850948395
4.7700000000 5798.4421251490
4.7775000000 5850.7841112214
4.7850000000 5902.8965612341
4.7925000000 5954.7678930975
4.8000000000 6006.3894922548
4.8075000000 6057.7557512359
4.8150000000 6108.8640905066
4.8225000000 6159.7149602597
4.8300000000 6210.3118229082
4.8375000000 6260.6611161575
4.8450000000 6310.7721966484
4.8525000000 6360.6572642846
4.8600000000 6410.3312674742
4.8675000000 6459.8117896365
4.8750000000 6509.1189174423
4.8825000000 6558.2750913730
4.8900000000 6607.3049392970
4.8975000000 6656.2350938748
4.9050000000 6705.0939947089
4.9125000000 6753.9116762597
4.9200000000 6802.7195426449
4.9275000000 6851.5501305314
4.9350000000 6900.4368614151
4.9425000000 6949.4137846614
4.9500000000 6998.5153127513
4.9575000000 7047.7759502390
4.9650000000 7097.2300179837
4.9725000000 7146.9113742631
4.9800000000 7196.8531344122
4.9875000000 7247.0873906594
4.9950000000 7297.6449338503
5.0025000000 7348.5549787545
5.0100000000 7399.8448946536
5.0175000000 7451.5399428926
5.0250000000 7503.6630230580
5.0325000000 7556.2344294131
5.0400000000 7609.2716191815
5.0475000000 7662.7889942166
5.0550000000 7716.7976975379
5.0625000000 7771.3054261443
5.0700000000 7826.3162614377
5.0775000000 7881.8305185041
5.0850000000 7937.8446154065
5.0925000000 7994.3509635432
5.1000000000 8051.3378800157
5.1075000000 8108.7895228399
5.1150000000 8166.6858497108
5.1225000000 8225.0026009113
5.1300000000 8283.7113068212
5.1375000000 8342.7793203560
5.1450000000 8402.1698745263
5.1525000000 8461.8421651713
5.1600000000 8521.7514587834
5.1675000000 8581.8492251992
5.1750000000 8642.0832947940
5.1825000000 8702.3980396771
5.1900000000 8762.7345782514
5.1975000000 8823.0310023620
5.2050000000 8883.2226261314
5.2125000000 8943.2422554485
5.2200000000 9003.0204769576
5.2275000000 9062.4859652751
5.2350000000 9121.5658070513
5.2425000000 9180.1858403889
5.2500000000 9238.2710080317
5.2575000000 9295.7457226500
5.2650000000 9352.5342424651
5.2725000000 9408.5610553837
5.2800000000 9463.7512697517
5.2875000000 9518.0310097815
5.2950000000 9571.3278136648
5.3025000000 9623.5710323518
5.3100000000 9674.6922269527
5.3175000000 9724.6255627113
5.3250000000 9773.3081974960
5.3325000000 9820.6806627687
5.3400000000 9866.6872350135
5.3475000000 9911.2762956421
5.3550000000 9954.4006774368
5.3625000000 9996.0179956501
5.3700000000 10036.0909619447
5.3775000000 10074.5876794398
5.3850000000 10111.4819172116
5.3925000000 10146.7533626988
5.4000000000 10180.3878505693
5.4075000000 10212.3775667190
5.4150000000 10242.7212262008
5.4225000000 10271.4242240123
5.4300000000 10298.4987578096
5.4375000000 10323.9639217623
5.4450000000 10347.8457709121
5.4525000000 10370.1773555595
5.4600000000 10390.9987253542
5.4675000000 10410.3569029375
5.4750000000 10428.3058271412
5.4825000000 10444.9062659202
5.4900000000 10460.2256993592
5.4975000000 10474.3381732592
5.5050000000 10487.3241239773
5.5125000000 10499.2701753497
5.5200000000 10510.2689086903
5.5275000000 10520.4186070066
5.5350000000 10529.8229747243
5.5425000000 10538.5908343524
5.5500000000 10546.8358016546
5.5575000000 10554.6759410159
5.5650000000 10562.2334028127
5.5725000000 10569.6340446963
5.5800000000 10577.0070387997
5.5875000000 10584.4844669561
5.5950000000 10592.2009060932
5.6025000000 10600.2930060236
5.6100000000 10608.8990618979
5.6175000000 10618.1585836198
5.6250000000 10628.2118645382
5.6325000000 10639.1995517375
5.6400000000 10651.2622202342
5.6475000000 10664.5399533628
5.6550000000 10679.1719315961
5.6625000000 10695.2960319864
5.6700000000 10713.0484403489
5.6775000000 10732.5632782242
5.6850000000 10753.9722465590
5.6925000000 10777.4042879376
5.7000000000 10802.9852690712
5.7075000000 10830.8376851194
5.7150000000 10861.0803872728
5.7225000000 10893.8283348697
5.7300000000 10929.1923731534
5.7375000000 10967.2790376056
5.7450000000 11008.1903856076
5.7525000000 11052.0238559944
5.7600000000 11098.8721568770
5.7675000000 11148.8231819069
5.7750000000 11201.9599549630
5.7825000000 11258.3606030399
5.7900000000 11318.0983569144
5.7975000000 11381.2415789733
5.8050000000 11447.8538173863
5.8125000000 11517.9938856206
5.8200000000 11591.7159661071
5.8275000000 11669.0697366895
5.8350000000 11750.1005183203
5.8425000000 11834.8494423069
5.8500000000 11923.3536352629
5.8575000000 12015.6464197822
5.8650000000 12111.7575287331
5.8725000000 12211.7133309578
5.8800000000 12315.5370660733
5.8875000000 12423.2490859889
5.8950000000 12534.8671006982
5.9025000000 12650.4064258619
5.9100000000 12769.8802296707
5.9175000000 12893.2997764755
5.9250000000 13020.6746646849
5.9325000000 13152.0130564607
5.9400000000 13287.3218967989
5.9475000000 13426.6071196484
5.9550000000 13569.8738388156
5.9625000000 13717.1265215064
5.9700000000 13868.3691424861
5.9775000000 14023.6053169793
5.9850000000 14182.8384105919
5.9925000000 14346.0716247120
6.0000000000 14513.3080560354
6.0075000000 14684.5507290648
6.0150000000 14859.8026006424
6.0225000000 15039.0665358050
6.0300000000 15222.3452544780
6.0375000000 15409.6412487700
6.0450000000 15600.9566708704
6.0525000000 15796.2931918067
6.0600000000 15995.6518315637
6.0675000000 16199.0327613225
6.0750000000 16406.4350788233
6.0825000000 16617.8565581023
6.0900000000 16833.2933750907
6.0975000000 17052.7398107978
6.1050000000 17276.1879340191
6.1125000000 17503.6272657223
6.1200000000 17735.0444274619
6.1275000000 17970.4227763520
6.1350000000 18209.7420292963
6.1425000000 18452.9778793192
6.1500000000 18700.1016069703
6.1575000000 18951.0796898818
6.1650000000 19205.8734136446
6.1725000000 19464.4384872281
6.1800000000 19726.7246662123
6.1875000000 19992.6753871099
6.1950000000 20262.2274160491
6.2025000000 20535.3105150512
6.2100000000 20811.8471290770
6.2175000000 21091.7520969294
6.2250000000 21374.9323889893
6.2325000000 21661.2868746303
6.2400000000 21950.7061219943
6.2475000000 22243.0722326364
6.2550000000 22538.2587133384
6.2625000000 22836.1303871755
6.2700000000 23136.5433456731
6.2775000000 23439.3449436382
6.2850000000 23744.3738379740
6.2925000000 24051.4600714996
6.3000000000 24360.4252025011
6.3075000000 24671.0824804306
6.3150000000 24983.2370678588
6.3225000000 25296.6863084646
6.3300000000 25611.2200405299
6.3375000000 25926.6209550823
6.3450000000 26242.6649975136
6.3525000000 26559.1218111915
6.3600000000 26875.7552212734
6.3675000000 27192.3237566398
6.3750000000 27508.5812075841
6.3825000000 27824.2772166239
6.3900000000 28139.1578995549
6.3975000000 28452.9664936320
6.4050000000 28765.4440295563
6.4125000000 29076.3300237559
6.4200000000 29385.3631872877
6.4275000000 29692.2821475491
6.4350000000 29996.8261788760
6.4425000000 30298.7359380243
6.4500000000 30597.7542004750
6.4575000000 30893.6265934786
6.4650000000 31186.1023217602
6.4725000000 31474.9348818397
6.4800000000 31759.8827609840
6.4875000000 32040.7101169034
6.4950000000 32317.1874344214
6.5025000000 32589.0921554968
6.5100000000 32856.2092791528
6.5175000000 33118.3319280630
6.5250000000 33375.2618787708
6.5325000000 33626.8100527601
6.5400000000 33872.7969658603
6.5475000000 34113.0531337497
6.5550000000 34347.4194316174
6.5625000000 34575.7474063561
6.5700000000 34797.8995399749
6.5775000000 35013.7494632521
6.5850000000 35223.1821189814
6.5925000000 35426.0938745002
6.6000000000 35622.3925835251
6.6075000000 35811.9975976555
6.6150000000 35994.8397282313
6.6225000000 36170.8611595543
6.6300000000 36340.0153147917
6.6375000000 36502.2666761768
6.6450000000 36657.5905614078
6.6525000000 36805.9728584052
6.6600000000 36947.4097208405
6.6675000000 37081.9072270703
6.6750000000 37209.4810053126
6.6825000000 37330.1558280819
6.6900000000 37443.9651790538
6.6975000000 37550.9507956528
6.7050000000 37651.1621907636
6.7125000000 37744.6561570335
6.7200000000 37831.4962572814
6.7275000000 37911.7523045479
6.7350000000 37985.4998353064
6.7425000000 38052.8195793254
6.7500000000 38113.7969296011
6.7575000000 38168.5214156988
6.7650000000 38217.0861837232
6.7725000000 38259.5874860042
6.7800000000 38296.1241834294
6.7875000000 38326.7972631744
6.7950000000 38351.7093743904
6.8025000000 38370.9643841954
6.8100000000 38384.6669560930
6.8175000000 38392.9221527038
6.8250000000 38395.8350644511
6.8325000000 38393.5104655861
6.8400000000 38386.0524986835
6.8475000000 38373.5643884727
6.8550000000 38356.1481856120
6.8625000000 38333.9045407520
6.8700000000 38306.9325089784
6.8775000000 38275.3293844751
6.8850000000 38239.1905650077
6.8925000000 38198.6094455955
6.9000000000 38153.6773405184
6.9075000000 38104.4834326041
6.9150000000 38051.1147485423
6.9225000000 37993.6561588038
6.9300000000 37932.1904005817
6.9375000000 37866.7981220298
6.9450000000 37797.5579459593
6.9525000000 37724.5465510447
6.9600000000 37647.8387685189
6.9675000000 37567.5076922660
6.9750000000 37483.6248001894
6.9825000000 37396.2600847031
6.9900000000 37305.4821902009
6.9975000000 37211.3585553685
7.0050000000 37113.9555582458
7.0125000000 37013.3386619967
7.0200000000 36909.5725594162
7.0275000000 36802.7213142883
7.0350000000 36692.8484978105
7.0425000000 36580.0173184115
7.0500000000 36464.2907434157
7.0575000000 36345.7316111397
7.0650000000 36224.4027321524
7.0725000000 36100.3669785779
7.0800000000 35973.6873604786
7.0875000000 35844.4270885127
7.0950000000 35712.6496222270
7.1025000000 35578.4187035033
7.1100000000 35441.7983748440
7.1175000000 35302.8529823408
7.1250000000 35161.6471633274
7.1325000000 35018.2458188709
7.1400000000 34872.7140714013
7.1475000000 34725.1172079209
7.1550000000 34575.5206093645
7.1625000000 34423.9896668061
7.1700000000 34270.5896853205
7.1775000000 34115.3857764118
7.1850000000 33958.4427400119
7.1925000000 33799.8249371352
7.2000000000 33639.5961543435
7.2075000000 33477.8194612330
7.2150000000 33314.5570622026
7.2225000000 33149.8701437952
7.2300000000 32983.8187189268
7.2375000000 32816.4614693299
7.2450000000 32647.8555875346
7.2525000000 32478.0566197048
7.2600000000 32307.1183106199
7.2675000000 32135.0924520665
7.2750000000 31962.0287358600
7.2825000000 31787.9746126718
7.2900000000 31612.9751577776
7.2975000000 31437.0729447809
7.3050000000 31260.3079282968
7.3125000000 31082.7173365032
7.3200000000 30904.3355743907
7.3275000000 30725.1941384543
7.3350000000 30545.3215434879
7.3425000000 30364.7432620487
7.3500000000 30183.4816770718
7.3575000000 30001.5560480210
7.3650000000 29818.9824908721
7.3725000000 29635.7739721315
7.3800000000 29451.9403170052
7.3875000000 29267.4882317438
7.3950000000 29082.4213401024
7.4025000000 28896.7402337733
7.4100000000 28710.4425365662
7.4175000000 28523.5229820381
7.4250000000 28335.9735041993
7.4325000000 28147.7833408561
7.4400000000 27958.9391490859
7.4475000000 27769.4251322842
7.4550000000 27579.2231781650
7.4625000000 27388.3130070523
7.4700000000 27196.6723297534
7.4775000000 27004.2770142675
7.4850000000 26811.1012605512
7.4925000000 26617.1177825320
7.5000000000 26422.2979965402
7.5075000000 26226.6122153111
7.5150000000 26030.0298466961
7.5225000000 25832.5195962132
7.5300000000 25634.0496725648
7.5375000000 25434.5879952498
7.5450000000 25234.1024034037
7.5525000000 25032.5608650090
7.5600000000 24829.9316856301
7.5675000000 24626.1837158455
7.5750000000 24421.2865565684
7.5825000000 24215.2107614700
7.5900000000 24007.9280357469
7.5975000000 23799.4114305011
7.6050000000 23589.6355320330
7.6125000000 23378.5766453816
7.6200000000 23166.2129714796
7.6275000000 22952.5247773301
7.6350000000 22737.4945586479
7.6425000000 22521.1071944506
7.6500000000 22303.3500931231
7.6575000000 22084.2133295218
7.6650000000 21863.6897727276
7.6725000000 21641.7752040987
7.6800000000 21418.4684253172
7.6875000000 21193.7713561665
7.6950000000 20967.6891218203
7.7025000000 20740.2301294647
7.7100000000 20511.4061341194
7.7175000000 20281.2322935629
7.7250000000 20049.7272123091
7.7325000000 19816.9129746218
7.7400000000 19582.8151665927
7.7475000000 19347.4628873438
7.7550000000 19110.8887494562
7.7625000000 18873.1288687549
7.7700000000 18634.2228436201
7.7775000000 18394.2137240206
7.7850000000 18153.1479704987
7.7925000000 17911.0754033629
7.8000000000 17668.0491423712
7.8075000000 17424.1255372112
7.8150000000 17179.3640891083
7.8225000000 16933.8273639108
7.8300000000 16687.5808970216
7.8375000000 16440.6930905627
7.8450000000 16193.2351031717
7.8525000000 15945.2807328456
7.8600000000 15696.9062932543
7.8675000000 15448.1904839593
7.8750000000 15199.2142549769
7.8825000000 14950.0606661339
7.8900000000 14700.8147416651
7.8975000000 14451.5633205055
7.9050000000 14202.3949027315
7.9125000000 13953.3994926024
7.9200000000 13704.6684386547
7.9275000000 13456.2942712950
7.9350000000 13208.3705383348
7.9425000000 12960.9916389048
7.9500000000 12714.2526561791
7.9575000000 12468.2491893317
7.9650000000 12223.0771851411
7.9725000000 11978.8327696484
7.9800000000 11735.6120802645
7.9875000000 11493.5110987125
7.9950000000 11252.6254851818
8.0025000000 11013.0504140565
8.0100000000 10774.8804115714
8.0175000000 10538.2091957386
8.0250000000 10303.1295188717
8.0325000000 10069.7330130277
8.0400000000 9838.1100386706
8.0475000000 9608.3495368516
8.0550000000 9380.5388851859
8.0625000000 9154.7637578967
8.0700000000 8931.1079901832
8.0775000000 8709.6534471563
8.0850000000 8490.4798975774
8.0925000000 8273.6648926172
8.1000000000 8059.2836498466
8.1075000000 7847.4089426525
8.1150000000 7638.1109952644
8.1225000000 7431.4573835619
8.1300000000 7227.5129418221
8.1375000000 7026.3396755531
8.1450000000 6827.9966805472
8.1525000000 6632.5400682736
8.1600000000 6440.0228977177
8.1675000000 6250.4951137615
8.1750000000 6064.0034921847
8.1825000000 5880.5915913524
8.1900000000 5700.2997106428
8.1975000000 5523.1648556506
8.2050000000 5349.2207101923
8.2125000000 5178.4976151174
8.2200000000 5011.0225539228
8.2275000000 4846.8191451450
8.2350000000 4685.9076414934
8.2425000000 4528.3049356720
8.2500000000 4374.0245728176
8.2575000000 4223.0767694716
8.2650000000 4075.4684389831
8.2725000000 3931.2032232258
8.2800000000 3790.2815304959
8.2875000000 3652.7005794424
8.2950000000 3518.4544488661
8.3025000000 3387.5341332065
8.3100000000 3259.9276035236
8.3175000000 3135.6198737671
8.3250000000 3014.5930721078
8.3325000000 2896.8265170988
8.3400000000 2782.2967984169
8.3475000000 2670.9778619246
8.3550000000 2562.8410987818
8.3625000000 2457.8554383274
8.3700000000 2355.9874444387
8.3775000000 2257.2014150735
8.3850000000 2161.4594846867
8.3925000000 2068.7217292124
8.4000000000 1978.9462732958
8.4075000000 1892.0893994535
8.4150000000 1808.1056588435
8.4225000000 1726.9479833197
8.4300000000 1648.5677984491
8.4375000000 1572.9151371712
8.4450000000 1499.9387537804
8.4525000000 1429.5862379162
8.4600000000 1361.8041282530
8.4675000000 1296.5380255858
8.4750000000 1233.7327050152
8.4825000000 1173.3322269461
8.4900000000 1115.2800466216
8.4975000000 1059.5191219247
8.5050000000 1005.9920191943
8.5125000000 954.6410168108
8.5200000000 905.4082063215
8.5275000000 858.2355908924
8.5350000000 813.0651808815
8.5425000000 769.8390863509
8.5500000000 728.4996063448
8.5575000000 688.9893147797
8.5650000000 651.2511428078
8.5725000000 615.2284575321
8.5800000000 580.8651369668
8.5875000000 548.1056411548
8.5950000000 516.8950793680
8.6025000000 487.1792733358
8.6100000000 458.9048164598
8.6175000000 432.0191289907
8.6250000000 406.4705091576
8.6325000000 382.2081802556
8.6400000000 359.1823337102
8.6475000000 337.3441681537
8.6550000000 316.6459245589
8.6625000000 297.0409174891
8.6700000000 278.4835625365
8.6775000000 260.9294000292
8.6850000000 244.3351150997
8.6925000000 228.6585542156
8.7000000000 213.8587382828
8.7075000000 199.8958724390
8.7150000000 186.7313526610
8.7225000000 174.3277693168
8.7300000000 162.6489077992
8.7375000000 151.6597463786
8.7450000000 141.3264514205
8.7525000000 131.6163701135
8.7600000000 122.4980208552
8.7675000000 113.9410814467
8.7750000000 105.9163752448
8.7825000000 98.3958554214
8.7900000000 91.3525874803
8.7975000000 84.7607301765
8.8050000000 78.5955149867
8.8125000000 72.8332242697
8.8200000000 67.4511682598
8.8275000000 62.4276610281
8.8350000000 57.7419955427
8.8425000000 53.3744179587
8.8500000000 49.3061012577
8.8575000000 45.5191183585
8.8650000000 41.9964148097
8.8725000000 38.7217811739
8.8800000000 35.6798252052
8.8875000000 32.8559439165
8.8950000000 30.2362956284
8.9025000000 27.8077720849
8.9100000000 25.5579707149
8.9175000000 23.4751671150
8.9250000000 21.5482878196
8.9325000000 19.7668834224
8.9400000000 18.1211021065
8.9475000000 16.6016636333
8.9550000000 15.1998338384
8.9625000000 13.9073996737
8.9700000000 12.7166448344
8.9775000000 11.6203260005
8.9850000000 10.6116497201
8.9925000000 9.6842499590
9.0000000000 8.8321663321
9.0075000000 8.0498230339
9.0150000000 7.3320084775
9.0225000000 6.6738556501
9.0300000000 6.0708231891
9.0375000000 5.5186771802
9.0450000000 5.0134736756
9.0525000000 4.5515419288
9.0600000000 4.1294683382
9.0675000000 3.7440810935
9.0750000000 3.3924355108
9.0825000000 3.0718000482
9.0900000000 2.7796429845
9.0975000000 2.5136197485
9.1050000000 2.2715608816
9.1125000000 2.0514606164
9.1200000000 1.8514660539
9.1275000000 1.6698669202
9.1350000000 1.5050858824
9.1425000000 1.3556694068
9.1500000000 1.2202791360
9.1575000000 1.0976837675
9.1650000000 0.9867514120
9.1725000000 0.8864424119
9.1800000000 0.7958026001
9.1875000000 0.7139569784
9.1950000000 0.6401037964
9.2025000000 0.5735090125
9.2100000000 0.5135011161
9.2175000000 0.4594662941
9.2250000000 0.4108439235
9.2325000000 0.3671223719
9.2400000000 0.3278350895
9.2475000000 0.2925569760
9.2550000000 0.2609010067
9.2625000000 0.2325151022
9.2700000000 0.2070792273
9.2775000000 0.1843027055
9.2850000000 0.1639217341
9.2925000000 0.1456970894
9.3000000000 0.1294120076
9.3075000000 0.1148702308
9.3150000000 0.1018942071
9.3225000000 0.0903234336
9.3300000000 0.0800129337
9.3375000000 0.0708318572
9.3450000000 0.0626621964
9.3525000000 0.0553976090
9.3600000000 0.0489423397
9.3675000000 0.0432102333
9.3750000000 0.0381238324
9.3825000000 0.0336135538
9.3900000000 0.0296169365
9.3975000000 0.0260779560
9.4050000000 0.0229464000
9.4125000000 0.0201773005
9.4200000000 0.0177304168
9.4275000000 0.0155697667
9.4350000000 0.0136632004
9.4425000000 0.0119820144
9.4500000000 0.0105006023
9.4575000000 0.0091961374
9.4650000000 0.0080482873
9.4725000000 0.0070389546
9.4800000000 0.0061520442
9.4875000000 0.0053732521
9.4950000000 0.0046898764
9.5025000000 0.0040906459
9.5100000000 0.0035655670
9.5175000000 0.0031057855
9.5250000000 0.0027034626
9.5325000000 0.0023516638
9.5400000000 0.0020442594
9.5475000000 0.0017758349
9.5550000000 0.0015416113
9.5625000000 0.0013373738
9.5700000000 0.0011594081
9.5775000000 0.0010044431
9.5850000000 0.0008696005
9.5925000000 0.0007523494
9.6000000000 0.0006504660
9.6075000000 0.0005619981
9.6150000000 0.0004852329
9.6225000000 0.0004186689
9.6300000000 0.0003609908
9.6375000000 0.0003110473
9.6450000000 0.0002678315
9.6525000000 0.0002304632
9.6600000000 0.0001981739
9.6675000000 0.0001702926
9.6750000000 0.0001462345
9.6825000000 0.0001254897
9.6900000000 0.0001076146
9.6975000000 0.0000922229
9.7050000000 0.0000789788
9.7125000000 0.0000675906
9.7200000000 0.0000578052
9.7275000000 0.0000494027
9.7350000000 0.0000421929
9.7425000000 0.0000360107
9.7500000000 0.0000307135
9.7575000000 0.0000261776
9.7650000000 0.0000222963
9.7725000000 0.0000189776
9.7800000000 0.0000161419
9.7875000000 0.0000137205
9.7950000000 0.0000116544
9.8025000000 0.0000098926
9.8100000000 0.0000083915
9.8175000000 0.0000071133
9.8250000000 0.0000060256
9.8325000000 0.0000051008
9.8400000000 0.0000043150
9.8475000000 0.0000036477
9.8550000000 0.0000030816
9.8625000000 0.0000026015
9.8700000000 0.0000021947
9.8775000000 0.0000018503
9.8850000000 0.0000015588
9.8925000000 0.0000013124
9.9000000000 0.0000011041
9.9075000000 0.0000009283
9.9150000000 0.0000007799
9.9225000000 0.0000006548
9.9300000000 0.0000005494
9.9375000000 0.0000004607
9.9450000000 0.0000003860
9.9525000000 0.0000003232
9.9600000000 0.0000002704
9.9675000000 0.0000002261
9.9750000000 0.0000001889
9.9825000000 0.0000001578
9.9900000000 0.0000001317
9.9975000000 0.0000001098
10.0050000000 0.0000000915
10.0125000000 0.0000000762
10.0200000000 0.0000000634
10.0275000000 0.0000000527
10.0350000000 0.0000000438
10.0425000000 0.0000000364
10.0500000000 0.0000000302
10.0575000000 0.0000000250
10.0650000000 0.0000000208
10.0725000000 0.0000000172
10.0800000000 0.0000000142
10.0875000000 0.0000000118
10.0950000000 0.0000000097
10.1025000000 0.0000000080
10.1100000000 0.0000000066
10.1175000000 0.0000000055
10.1250000000 0.0000000045
10.1325000000 0.0000000037
10.1400000000 0.0000000031
10.1475000000 0.0000000025
10.1550000000 0.0000000021
10.1625000000 0.0000000017
10.1700000000 0.0000000014
10.1775000000 0.0000000011
10.1850000000 0.0000000009
10.1925000000 0.0000000008
10.2000000000 0.0000000006
10.2075000000 0.0000000005
10.2150000000 0.0000000004
10.2225000000 0.0000000003
10.2300000000 0.0000000003
10.2375000000 0.0000000002
10.2450000000 0.0000000002
10.2525000000 0.0000000002
10.2600000000 0.0000000001
10.2675000000 0.0000000001
10.2750000000 0.0000000001
10.2825000000 0.0000000001
10.2900000000 0.0000000001
10.2975000000 0.0000000000
10.3050000000 0.0000000000
10.3125000000 0.0000000000
10.3200000000 0.0000000000
10.3275000000 0.0000000000
10.3350000000 0.0000000000
10.3425000000 0.0000000000
10.3500000000 0.0000000000
10.3575000000 0.0000000000
10.3650000000 0.0000000000
10.3725000000 0.0000000000
10.3800000000 0.0000000000
10.3875000000 0.0000000000
10.3950000000 0.0000000000
10.4025000000 0.0000000000
10.4100000000 0.0000000000
10.4175000000 0.0000000000
10.4250000000 0.0000000000
10.4325000000 0.0000000000
10.4400000000 0.0000000000
10.4475000000 0.0000000000
10.4550000000 0.0000000000
10.4625000000 0.0000000000
10.4700000000 0.0000000000
10.4775000000 0.0000000000
10.4850000000 0.0000000000
10.4925000000 0.0000000000
10.5000000000 0.0000000000
10.5075000000 0.0000000000
10.5150000000 0.0000000000
10.5225000000 0.0000000000
10.5300000000 0.0000000000
10.5375000000 0.0000000000
10.5450000000 0.0000000000
10.5525000000 0.0000000000
10.5600000000 0.0000000000
10.5675000000 0.0000000000
10.5750000000 0.0000000000
10.5825000000 0.0000000000
10.5900000000 0.0000000000
10.5975000000 0.0000000000
10.6050000000 0.0000000000
10.6125000000 0.0000000000
10.6200000000 0.0000000000
10.6275000000 0.0000000000
10.6350000000 0.0000000000
10.6425000000 0.0000000000
10.6500000000 0.0000000000
10.6575000000 0.0000000000
10.6650000000 0.0000000000
10.6725000000 0.0000000000
10.6800000000 0.0000000000
10.6875000000 0.0000000000
10.6950000000 0.0000000000
10.7025000000 0.0000000000
10.7100000000 0.0000000000
10.7175000000 0.0000000000
10.7250000000 0.0000000000
10.7325000000 0.0000000000
10.7400000000 0.0000000000
10.7475000000 0.0000000000
10.7550000000 0.0000000000
10.7625000000 0.0000000000
10.7700000000 0.0000000000
10.7775000000 0.0000000000
10.7850000000 0.0000000000
10.7925000000 0.0000000000
10.8000000000 0.0000000000
10.8075000000 0.0000000000
10.8150000000 0.0000000000
10.8225000000 0.0000000000
10.8300000000 0.0000000000
10.8375000000 0.0000000000
10.8450000000 0.0000000000
10.8525000000 0.0000000000
10.8600000000 0.0000000000
10.8675000000 0.0000000000
10.8750000000 0.0000000000
10.8825000000 0.0000000000
10.8900000000 0.0000000000
10.8975000000 0.0000000000
10.9050000000 0.0000000000
10.9125000000 0.0000000000
10.9200000000 0.0000000000
10.9275000000 0.0000000000
10.9350000000 0.0000000000
10.9425000000 0.0000000000
10.9500000000 0.0000000000
10.9575000000 0.0000000000
10.9650000000 0.0000000000
10.9725000000 0.0000000000
10.9800000000 0.0000000000
10.9875000000 0.0000000000
10.9950000000 0.0000000000
11.0025000000 0.0000000000
11.0100000000 0.0000000000
11.0175000000 0.0000000000
11.0250000000 0.0000000000
11.0325000000 0.0000000000
11.0400000000 0.0000000000
11.0475000000 0.0000000000
11.0550000000 0.0000000000
11.0625000000 0.0000000000
11.0700000000 0.0000000000
11.0775000000 0.0000000000
11.0850000000 0.0000000000
11.0925000000 0.0000000000
11.1000000000 0.0000000000
11.1075000000 0.0000000000
11.1150000000 0.0000000000
11.1225000000 0.0000000000
11.1300000000 0.0000000000
11.1375000000 0.0000000000
11.1450000000 0.0000000000
11.1525000000 0.0000000000
11.1600000000 0.0000000000
11.1675000000 0.0000000000
11.1750000000 0.0000000000
11.1825000000 0.0000000000
11.1900000000 0.0000000000
11.1975000000 0.0000000000
11.2050000000 0.0000000000
11.2125000000 0.0000000000
11.2200000000 0.0000000000
11.2275000000 0.0000000000
11.2350000000 0.0000000000
11.2425000000 0.0000000000
11.2500000000 0.0000000000
11.2575000000 0.0000000000
11.2650000000 0.0000000000
11.2725000000 0.0000000000
11.2800000000 0.0000000000
11.2875000000 0.0000000000
11.2950000000 0.0000000000
11.3025000000 0.0000000000
11.3100000000 0.0000000000
11.3175000000 0.0000000000
11.3250000000 0.0000000000
11.3325000000 0.0000000000
11.3400000000 0.0000000000
11.3475000000 0.0000000000
11.3550000000 0.0000000000
11.3625000000 0.0000000000
11.3700000000 0.0000000000
11.3775000000 0.0000000000
11.3850000000 0.0000000000
11.3925000000 0.0000000000
11.4000000000 0.0000000000
11.4075000000 0.0000000000
11.4150000000 0.0000000000
11.4225000000 0.0000000000
11.4300000000 0.0000000000
11.4375000000 0.0000000000
11.4450000000 0.0000000000
11.4525000000 0.0000000000
11.4600000000 0.0000000000
11.4675000000 0.0000000000
11.4750000000 0.0000000000
11.4825000000 0.0000000000
11.4900000000 0.0000000000
11.4975000000 0.0000000000
11.5050000000 0.0000000000
11.5125000000 0.0000000000
11.5200000000 0.0000000000
11.5275000000 0.0000000000
11.5350000000 0.0000000000
11.5425000000 0.0000000000
11.5500000000 0.0000000000
11.5575000000 0.0000000000
11.5650000000 0.0000000000
11.5725000000 0.0000000000
11.5800000000 0.0000000000
11.5875000000 0.0000000000
11.5950000000 0.0000000000
11.6025000000 0.0000000000
11.6100000000 0.0000000000
11.6175000000 0.0000000000
11.6250000000 0.0000000000
11.6325000000 0.0000000000
11.6400000000 0.0000000000
11.6475000000 0.0000000000
11.6550000000 0.0000000000
11.6625000000 0.0000000000
11.6700000000 0.0000000000
11.6775000000 0.0000000000
11.6850000000 0.0000000000
11.6925000000 0.0000000000
11.7000000000 0.0000000000
11.7075000000 0.0000000000
11.7150000000 0.0000000000
11.7225000000 0.0000000000
11.7300000000 0.0000000000
11.7375000000 0.0000000000
11.7450000000 0.0000000000
11.7525000000 0.0000000000
11.7600000000 0.0000000000
11.7675000000 0.0000000000
11.7750000000 0.0000000000
11.7825000000 0.0000000000
11.7900000000 0.0000000000
11.7975000000 0.0000000000
11.8050000000 0.0000000000
11.8125000000 0.0000000000
11.8200000000 0.0000000000
11.8275000000 0.0000000000
11.8350000000 0.0000000000
11.8425000000 0.0000000000
11.8500000000 0.0000000000
11.8575000000 0.0000000000
11.8650000000 0.0000000000
11.8725000000 0.0000000000
11.8800000000 0.0000000000
11.8875000000 0.0000000000
11.8950000000 0.0000000000
11.9025000000 0.0000000000
11.9100000000 0.0000000000
11.9175000000 0.0000000000
11.9250000000 0.0000000000
11.9325000000 0.0000000000
11.9400000000 0.0000000000
11.9475000000 0.0000000000
11.9550000000 0.0000000000
11.9625000000 0.0000000000
11.9700000000 0.0000000000
11.9775000000 0.0000000000
11.9850000000 0.0000000000
11.9925000000 0.0000000000
12.0000000000 0.0000000000
12.0075000000 0.0000000000
12.0150000000 0.0000000000
12.0225000000 0.0000000000
12.0300000000 0.0000000000
12.0375000000 0.0000000000
12.0450000000 0.0000000000
12.0525000000 0.0000000000
12.0600000000 0.0000000000
12.0675000000 0.0000000000
12.0750000000 0.0000000000
12.0825000000 0.0000000000
12.0900000000 0.0000000000
12.0975000000 0.0000000000
12.1050000000 0.0000000000
12.1125000000 0.0000000000
12.1200000000 0.0000000000
12.1275000000 0.0000000000
12.1350000000 0.0000000000
12.1425000000 0.0000000000
12.1500000000 0.0000000000
12.1575000000 0.0000000000
12.1650000000 0.0000000000
12.1725000000 0.0000000000
12.1800000000 0.0000000000
12.1875000000 0.0000000000
12.1950000000 0.0000000000
12.2025000000 0.0000000000
12.2100000000 0.0000000000
12.2175000000 0.0000000000
12.2250000000 0.0000000000
12.2325000000 0.0000000000
12.2400000000 0.0000000000
12.2475000000 0.0000000000
12.2550000000 0.0000000000
12.2625000000 0.0000000000
12.2700000000 0.0000000000
12.2775000000 0.0000000000
12.2850000000 0.0000000000
12.2925000000 0.0000000000
12.3000000000 0.0000000000
12.3075000000 0.0000000000
12.3150000000 0.0000000000
12.3225000000 0.0000000000
12.3300000000 0.0000000000
12.3375000000 0.0000000000
12.3450000000 0.0000000000
12.3525000000 0.0000000000
12.3600000000 0.0000000000
12.3675000000 0.0000000000
12.3750000000 0.0000000000
12.3825000000 0.0000000000
12.3900000000 0.0000000000
12.3975000000 0.0000000000
12.4050000000 0.0000000000
12.4125000000 0.0000000000
12.4200000000 0.0000000000
12.4275000000 0.0000000000
12.4350000000 0.0000000000
12.4425000000 0.0000000000
12.4500000000 0.0000000000
12.4575000000 0.0000000000
12.4650000000 0.0000000000
12.4725000000 0.0000000000
12.4800000000 0.0000000000
12.4875000000 0.0000000000
12.4950000000 0.0000000000
12.5025000000 0.0000000000
12.5100000000 0.0000000000
12.5175000000 0.0000000000
12.5250000000 0.0000000000
12.5325000000 0.0000000000
12.5400000000 0.0000000000
12.5475000000 0.0000000000
12.5550000000 0.0000000000
12.5625000000 0.0000000000
12.5700000000 0.0000000000
12.5775000000 0.0000000000
12.5850000000 0.0000000000
12.5925000000 0.0000000000
12.6000000000 0.0000000000
12.6075000000 0.0000000000
12.6150000000 0.0000000000
12.6225000000 0.0000000000
12.6300000000 0.0000000000
12.6375000000 0.0000000000
12.6450000000 0.0000000000
12.6525000000 0.0000000000
12.6600000000 0.0000000000
12.6675000000 0.0000000000
12.6750000000 0.0000000000
12.6825000000 0.0000000000
12.6900000000 0.0000000000
12.6975000000 0.0000000000
12.7050000000 0.0000000000
12.7125000000 0.0000000000
12.7200000000 0.0000000000
12.7275000000 0.0000000000
12.7350000000 0.0000000000
12.7425000000 0.0000000000
12.7500000000 0.0000000000
12.7575000000 0.0000000000
12.7650000000 0.0000000000
12.7725000000 0.0000000000
12.7800000000 0.0000000000
12.7875000000 0.0000000000
12.7950000000 0.0000000000
12.8025000000 0.0000000000
12.8100000000 0.0000000000
12.8175000000 0.0000000000
12.8250000000 0.0000000000
12.8325000000 0.0000000000
12.8400000000 0.0000000000
12.8475000000 0.0000000000
12.8550000000 0.0000000000
12.8625000000 0.0000000000
12.8700000000 0.0000000000
12.8775000000 0.0000000000
12.8850000000 0.0000000000
12.8925000000 0.0000000000
12.9000000000 0.0000000000
12.9075000000 0.0000000000
12.9150000000 0.0000000000
12.9225000000 0.0000000000
12.9300000000 0.0000000000
12.9375000000 0.0000000000
12.9450000000 0.0000000000
12.9525000000 0.0000000000
12.9600000000 0.0000000000
12.9675000000 0.0000000000
12.9750000000 0.0000000000
12.9825000000 0.0000000000
12.9900000000 0.0000000000
12.9975000000 0.0000000000
13.0050000000 0.0000000000
13.0125000000 0.0000000000
13.0200000000 0.0000000000
13.0275000000 0.0000000000
13.0350000000 0.0000000000
13.0425000000 0.0000000000
13.0500000000 0.0000000000
13.0575000000 0.0000000000
13.0650000000 0.0000000000
13.0725000000 0.0000000000
13.0800000000 0.0000000000
13.0875000000 0.0000000000
13.0950000000 0.0000000000
13.1025000000 0.0000000000
13.1100000000 0.0000000000
13.1175000000 0.0000000000
13.1250000000 0.0000000000
13.1325000000 0.0000000000
13.1400000000 0.0000000000
13.1475000000 0.0000000000
13.1550000000 0.0000000000
13.1625000000 0.0000000000
13.1700000000 0.0000000000
13.1775000000 0.0000000000
13.1850000000 0.0000000000
13.1925000000 0.0000000000
13.2000000000 0.0000000000
13.2075000000 0.0000000000
13.2150000000 0.0000000000
13.2225000000 0.0000000000
13.2300000000 0.0000000000
13.2375000000 0.0000000000
13.2450000000 0.0000000000
13.2525000000 0.0000000000
13.2600000000 0.0000000000
13.2675000000 0.0000000000
13.2750000000 0.0000000000
13.2825000000 0.0000000000
13.2900000000 0.0000000000
13.2975000000 0.0000000000
13.3050000000 0.0000000000
13.3125000000 0.0000000000
13.3200000000 0.0000000000
13.3275000000 0.0000000000
13.3350000000 0.0000000000
13.3425000000 0.0000000000
13.3500000000 0.0000000000
13.3575000000 0.0000000000
13.3650000000 0.0000000000
13.3725000000 0.0000000000
13.3800000000 0.0000000000
13.3875000000 0.0000000000
13.3950000000 0.0000000000
13.4025000000 0.0000000000
13.4100000000 0.0000000000
13.4175000000 0.0000000000
13.4250000000 0.0000000000
13.4325000000 0.0000000000
13.4400000000 0.0000000000
13.4475000000 0.0000000000
13.4550000000 0.0000000000
13.4625000000 0.0000000000
13.4700000000 0.0000000000
13.4775000000 0.0000000000
13.4850000000 0.0000000000
13.4925000000 0.0000000000
13.5000000000 0.0000000000
13.5075000000 0.0000000000
13.5150000000 0.0000000000
13.5225000000 0.0000000000
13.5300000000 0.0000000000
13.5375000000 0.0000000000
13.5450000000 0.0000000000
13.5525000000 0.0000000000
13.5600000000 0.0000000000
13.5675000000 0.0000000000
13.5750000000 0.0000000000
13.5825000000 0.0000000000
13.5900000000 0.0000000000
13.5975000000 0.0000000000
13.6050000000 0.0000000000
13.6125000000 0.0000000000
13.6200000000 0.0000000000
13.6275000000 0.0000000000
13.6350000000 0.0000000000
13.6425000000 0.0000000000
13.6500000000 0.0000000000
13.6575000000 0.0000000000
13.6650000000 0.0000000000
13.6725000000 0.0000000000
13.6800000000 0.0000000000
13.6875000000 0.0000000000
13.6950000000 0.0000000000
13.7025000000 0.0000000000
13.7100000000 0.0000000000
13.7175000000 0.0000000000
13.7250000000 0.0000000000
13.7325000000 0.0000000000
13.7400000000 0.0000000000
13.7475000000 0.0000000000
13.7550000000 0.0000000000
13.7625000000 0.0000000000
13.7700000000 0.0000000000
13.7775000000 0.0000000000
13.7850000000 0.0000000000
13.7925000000 0.0000000000
13.8000000000 0.0000000000
13.8075000000 0.0000000000
13.8150000000 0.0000000000
13.8225000000 0.0000000000
13.8300000000 0.0000000000
13.8375000000 0.0000000000
13.8450000000 0.0000000000
13.8525000000 0.0000000000
13.8600000000 0.0000000000
13.8675000000 0.0000000000
13.8750000000 0.0000000000
13.8825000000 0.0000000000
13.8900000000 0.0000000000
13.8975000000 0.0000000000
13.9050000000 0.0000000000
13.9125000000 0.0000000000
13.9200000000 0.0000000000
13.9275000000 0.0000000000
13.9350000000 0.0000000000
13.9425000000 0.0000000000
13.9500000000 0.0000000000
13.9575000000 0.0000000000
13.9650000000 0.0000000000
13.9725000000 0.0000000000
13.9800000000 0.0000000000
13.9875000000 0.0000000000
13.9950000000 0.0000000000
14.0025000000 0.0000000000
14.0100000000 0.0000000000
14.0175000000 0.0000000000
14.0250000000 0.0000000000
14.0325000000 0.0000000000
14.0400000000 0.0000000000
14.0475000000 0.0000000000
14.0550000000 0.0000000000
14.0625000000 0.0000000000
14.0700000000 0.0000000000
14.0775000000 0.0000000000
14.0850000000 0.0000000000
14.0925000000 0.0000000000
14.1000000000 0.0000000000
14.1075000000 0.0000000000
14.1150000000 0.0000000000
14.1225000000 0.0000000000
14.1300000000 0.0000000000
14.1375000000 0.0000000000
14.1450000000 0.0000000000
14.1525000000 0.0000000000
14.1600000000 0.0000000000
14.1675000000 0.0000000000
14.1750000000 0.0000000000
14.1825000000 0.0000000000
14.1900000000 0.0000000000
14.1975000000 0.0000000000
14.2050000000 0.0000000000
14.2125000000 0.0000000000
14.2200000000 0.0000000000
14.2275000000 0.0000000000
14.2350000000 0.0000000000
14.2425000000 0.0000000000
14.2500000000 0.0000000000
14.2575000000 0.0000000000
14.2650000000 0.0000000000
14.2725000000 0.0000000000
14.2800000000 0.0000000000
14.2875000000 0.0000000000
14.2950000000 0.0000000000
14.3025000000 0.0000000000
14.3100000000 0.0000000000
14.3175000000 0.0000000000
14.3250000000 0.0000000000
14.3325000000 0.0000000000
14.3400000000 0.0000000000
14.3475000000 0.0000000000
14.3550000000 0.0000000000
14.3625000000 0.0000000000
14.3700000000 0.0000000000
14.3775000000 0.0000000000
14.3850000000 0.0000000000
14.3925000000 0.0000000000
14.4000000000 0.0000000000
14.4075000000 0.0000000000
14.4150000000 0.0000000000
14.4225000000 0.0000000000
14.4300000000 0.0000000000
14.4375000000 0.0000000000
14.4450000000 0.0000000000
14.4525000000 0.0000000000
14.4600000000 0.0000000000
14.4675000000 0.0000000000
14.4750000000 0.0000000000
14.4825000000 0.0000000000
14.4900000000 0.0000000000
14.4975000000 0.0000000000
14.5050000000 0.0000000000
14.5125000000 0.0000000000
14.5200000000 0.0000000000
14.5275000000 0.0000000000
14.5350000000 0.0000000000
14.5425000000 0.0000000000
14.5500000000 0.0000000000
14.5575000000 0.0000000000
14.5650000000 0.0000000000
14.5725000000 0.0000000000
14.5800000000 0.0000000000
14.5875000000 0.0000000000
14.5950000000 0.0000000000
14.6025000000 0.0000000000
14.6100000000 0.0000000000
14.6175000000 0.0000000000
14.6250000000 0.0000000000
14.6325000000 0.0000000000
14.6400000000 0.0000000000
14.6475000000 0.0000000000
14.6550000000 0.0000000000
14.6625000000 0.0000000000
14.6700000000 0.0000000000
14.6775000000 0.0000000000
14.6850000000 0.0000000000
14.6925000000 0.0000000000
14.7000000000 0.0000000000
14.7075000000 0.0000000000
14.7150000000 0.0000000000
14.7225000000 0.0000000000
14.7300000000 0.0000000000
14.7375000000 0.0000000000
14.7450000000 0.0000000000
14.7525000000 0.0000000000
14.7600000000 0.0000000000
14.7675000000 0.0000000000
14.7750000000 0.0000000000
14.7825000000 0.0000000000
14.7900000000 0.0000000000
14.7975000000 0.0000000000
14.8050000000 0.0000000000
14.8125000000 0.0000000000
14.8200000000 0.0000000000
14.8275000000 0.0000000000
14.8350000000 0.0000000000
14.8425000000 0.0000000000
14.8500000000 0.0000000000
14.8575000000 0.0000000000
14.8650000000 0.0000000000
14.8725000000 0.0000000000
14.8800000000 0.0000000000
14.8875000000 0.0000000000
14.8950000000 0.0000000000
14.9025000000 0.0000000000
14.9100000000 0.0000000000
14.9175000000 0.0000000000
14.9250000000 0.0000000000
14.9325000000 0.0000000000
14.9400000000 0.0000000000
14.9475000000 0.0000000000
14.9550000000 0.0000000000
14.9625000000 0.0000000000
14.9700000000 0.0000000000
14.9775000000 0.0000000000
14.9850000000 0.0000000000
14.9925000000 0.0000000000
