0.0000000000 0.0291616522
0.0075000000 0.0333360951
0.0150000000 0.0380813176
0.0225000000 0.0434714222
0.0300000000 0.0495895734
0.0375000000 0.0565290306
0.0450000000 0.0643942881
0.0525000000 0.0733023328
0.0600000000 0.0833840316
0.0675000000 0.0947856571
0.0750000000 0.1076705680
0.0825000000 0.1222210546
0.0900000000 0.1386403651
0.0975000000 0.1571549279
0.1050000000 0.1780167872
0.1125000000 0.2015062674
0.1200000000 0.2279348876
0.1275000000 0.2576485445
0.1350000000 0.2910309852
0.1425000000 0.3285075929
0.1500000000 0.3705495081
0.1575000000 0.4176781123
0.1650000000 0.4704698980
0.1725000000 0.5295617555
0.1800000000 0.5956567035
0.1875000000 0.6695300954
0.1950000000 0.7520363322
0.2025000000 0.8441161163
0.2100000000 0.9468042800
0.2175000000 1.0612382242
0.2250000000 1.1886670059
0.2325000000 1.3304611108
0.2400000000 1.4881229510
0.2475000000 1.6632981293
0.2550000000 1.8577875082
0.2625000000 2.0735601284
0.2700000000 2.3127670169
0.2775000000 2.5777559281
0.2850000000 2.8710870606
0.2925000000 3.1955497914
0.3000000000 3.5541804710
0.3075000000 3.9502813194
0.3150000000 4.3874404640
0.3225000000 4.8695531590
0.3300000000 5.4008442217
0.3375000000 5.9858917233
0.3450000000 6.6296519647
0.3525000000 7.3374857670
0.3600000000 8.1151861031
0.3675000000 8.9690070916
0.3750000000 9.9056943693
0.3825000000 10.9325168543
0.3900000000 12.0572999052
0.3975000000 13.2884598755
0.4050000000 14.6350400537
0.4125000000 16.1067479736
0.4200000000 17.7139940697
0.4275000000 19.4679316419
0.4350000000 21.3804980857
0.4425000000 23.4644573309
0.4500000000 25.7334434220
0.4575000000 28.2020051590
0.4650000000 30.8856517060
0.4725000000 33.8008990585
0.4800000000 36.9653172488
0.4875000000 40.3975781497
0.4950000000 44.1175037240
0.5025000000 48.1461145481
0.5100000000 52.5056784216
0.5175000000 57.2197588584
0.5250000000 62.3132632326
0.5325000000 67.8124903400
0.5400000000 73.7451771102
0.5475000000 80.1405441920
0.5550000000 87.0293401106
0.5625000000 94.4438836790
0.5700000000 102.4181043272
0.5775000000 110.9875799923
0.5850000000 120.1895721980
0.5925000000 130.0630579323
0.6000000000 140.6487579161
0.6075000000 151.9891608421
0.6150000000 164.1285431470
0.6225000000 177.1129838680
0.6300000000 190.9903741248
0.6375000000 205.8104207565
0.6450000000 221.6246436378
0.6525000000 238.4863661927
0.6600000000 256.4506986214
0.6675000000 275.5745133555
0.6750000000 295.9164122609
0.6825000000 317.5366851114
0.6900000000 340.4972588676
0.6975000000 364.8616373052
0.7050000000 390.6948305551
0.7125000000 418.0632741364
0.7200000000 447.0347370873
0.7275000000 477.6782188251
0.7350000000 510.0638344009
0.7425000000 544.2626878472
0.7500000000 580.3467333587
0.7575000000 618.3886240909
0.7650000000 658.4615484074
0.7725000000 700.6390534632
0.7800000000 744.9948560638
0.7875000000 791.6026408057
0.7950000000 840.5358455635
0.8025000000 891.8674344632
0.8100000000 945.6696585477
0.8175000000 1002.0138044202
0.8250000000 1060.9699312285
0.8325000000 1122.6065964323
0.8400000000 1186.9905708832
0.8475000000 1254.1865438275
0.8550000000 1324.2568185336
0.8625000000 1397.2609993292
0.8700000000 1473.2556709252
0.8775000000 1552.2940709890
0.8850000000 1634.4257570190
0.8925000000 1719.6962686564
0.9000000000 1808.1467866579
0.9075000000 1899.8137898300
0.9150000000 1994.7287113082
0.9225000000 2092.9175956380
0.9300000000 2194.4007581814
0.9375000000 2299.1924484432
0.9450000000 2407.3005189635
0.9525000000 2518.7261014805
0.9600000000 2633.4632921084
0.9675000000 2751.4988473144
0.9750000000 2872.8118925048
0.9825000000 2997.3736450527
0.9900000000 3125.1471536035
0.9975000000 3256.0870555003
1.0050000000 3390.1393541535
1.0125000000 3527.2412181598
1.0200000000 3667.3208039418
1.0275000000 3810.2971036314
1.0350000000 3956.0798198654
1.0425000000 4104.5692690904
1.0500000000 4255.6563148942
1.0575000000 4409.2223327862
1.0650000000 4565.1392077456
1.0725000000 4723.2693657386
1.0800000000 4883.4658402793
1.0875000000 5045.5723749693
1.0950000000 5209.4235628022
1.1025000000 5374.8450228636
1.1100000000 5541.6536148841
1.1175000000 5709.6576919342
1.1250000000 5878.6573913613
1.1325000000 6048.4449638835
1.1400000000 6218.8051405586
1.1475000000 6389.5155371479
1.1550000000 6560.3470951945
1.1625000000 6731.0645589283
1.1700000000 6901.4269869101
1.1775000000 7071.1882971200
1.1850000000 7240.0978439948
1.1925000000 7407.9010257222
1.2000000000 7574.3399199044
1.2075000000 7739.1539455164
1.2150000000 7902.0805489068
1.2225000000 8062.8559114140
1.2300000000 8221.2156760144
1.2375000000 8376.8956902651
1.2450000000 8529.6327626706
1.2525000000 8679.1654294771
1.2600000000 8825.2347287914
1.2675000000 8967.5849788276
1.2750000000 9105.9645570098
1.2825000000 9240.1266766001
1.2900000000 9369.8301574811
1.2975000000 9494.8401876997
1.3050000000 9614.9290723788
1.3125000000 9729.8769666166
1.3200000000 9839.4725890344
1.3275000000 9943.5139126848
1.3350000000 10041.8088301129
1.3425000000 10134.1757894542
1.3500000000 10220.4443985674
1.3575000000 10300.4559943351
1.3650000000 10374.0641744101
1.3725000000 10441.1352888565
1.3800000000 10501.5488893139
1.3875000000 10555.1981335116
1.3950000000 10601.9901431712
1.4025000000 10641.8463135579
1.4100000000 10674.7025731770
1.4175000000 10700.5095923551
1.4250000000 10719.2329396979
1.4325000000 10730.8531856752
1.4400000000 10735.3659528479
1.4475000000 10732.7819125165
1.4550000000 10723.1267278408
1.4625000000 10706.4409437470
1.4700000000 10682.7798242047
1.4775000000 10652.2131377170
1.4850000000 10614.8248921260
1.4925000000 10570.7130200824
1.5000000000 10519.9890167723
1.5075000000 10462.7775317211
1.5150000000 10399.2159167173
1.5225000000 10329.4537321020
1.5300000000 10253.6522138654
1.5375000000 10171.9837041637
1.5450000000 10084.6310480344
1.5525000000 9991.7869592292
1.5600000000 9893.6533582076
1.5675000000 9790.4406854419
1.5750000000 9682.3671932725
1.5825000000 9569.6582196167
1.5900000000 9452.5454468852
1.5975000000 9331.2661494867
1.6050000000 9206.0624333108
1.6125000000 9077.1804705658
1.6200000000 8944.8697333212
1.6275000000 8809.3822290517
1.6350000000 8670.9717414157
1.6425000000 8529.8930794163
1.6500000000 8386.4013379894
1.6575000000 8240.7511729512
1.6650000000 8093.1960931042
1.6725000000 7943.9877721563
1.6800000000 7793.3753829534
1.6875000000 7641.6049563575
1.6950000000 7488.9187669254
1.7025000000 7335.5547473598
1.7100000000 7181.7459335109
1.7175000000 7027.7199415134
1.7250000000 6873.6984784373
1.7325000000 6719.8968876341
1.7400000000 6566.5237297506
1.7475000000 6413.7804001790
1.7550000000 6261.8607835131
1.7625000000 6110.9509453744
1.7700000000 5961.2288617807
1.7775000000 5812.8641860375
1.7850000000 5666.0180529482
1.7925000000 5520.8429199614
1.8000000000 5377.4824447057
1.8075000000 5236.0713982030
1.8150000000 5096.7356128987
1.8225000000 4959.5919645110
1.8300000000 4824.7483865698
1.8375000000 4692.3039164003
1.8450000000 4562.3487712007
1.8525000000 4434.9644527684
1.8600000000 4310.2238793488
1.8675000000 4188.1915430118
1.8750000000 4068.9236909033
1.8825000000 3952.4685286728
1.8900000000 3838.8664443466
1.8975000000 3728.1502508935
1.9050000000 3620.3454457168
1.9125000000 3515.4704853095
1.9200000000 3413.5370733160
1.9275000000 3314.5504602657
1.9350000000 3218.5097532689
1.9425000000 3125.4082340047
1.9500000000 3035.2336833739
1.9575000000 2947.9687112378
1.9650000000 2863.5910897270
1.9725000000 2782.0740886595
1.9800000000 2703.3868116802
1.9875000000 2627.4945318016
1.9950000000 2554.3590251015
2.0025000000 2483.9389014083
2.0100000000 2416.1899308845
2.0175000000 2351.0653654977
2.0250000000 2288.5162544478
2.0325000000 2228.4917526994
2.0400000000 2170.9394218477
2.0475000000 2115.8055226222
2.0550000000 2063.0352984095
2.0625000000 2012.5732492510
2.0700000000 1964.3633958396
2.0775000000 1918.3495331104
2.0850000000 1874.4754730835
2.0925000000 1832.6852766796
2.1000000000 1792.9234742844
2.1075000000 1755.1352748959
2.1150000000 1719.2667637338
2.1225000000 1685.2650882399
2.1300000000 1653.0786324388
2.1375000000 1622.6571796670
2.1450000000 1593.9520637119
2.1525000000 1566.9163084343
2.1600000000 1541.5047559727
2.1675000000 1517.6741836547
2.1750000000 1495.3834097567
2.1825000000 1474.5933882750
2.1900000000 1455.2672928821
2.1975000000 1437.3705902564
2.2050000000 1420.8711029827
2.2125000000 1405.7390622284
2.2200000000 1391.9471504058
2.2275000000 1379.4705340373
2.2350000000 1368.2868870424
2.2425000000 1358.3764046674
2.2500000000 1349.7218082819
2.2575000000 1342.3083412673
2.2650000000 1336.1237562226
2.2725000000 1331.1582937160
2.2800000000 1327.4046528096
2.2875000000 1324.8579535902
2.2950000000 1323.5156919358
2.3025000000 1323.3776867578
2.3100000000 1324.4460199552
2.3175000000 1326.7249693273
2.3250000000 1330.2209346939
2.3325000000 1334.9423574791
2.3400000000 1340.8996340240
2.3475000000 1348.1050228975
2.3550000000 1356.5725464892
2.3625000000 1366.3178871739
2.3700000000 1377.3582783507
2.3775000000 1389.7123906696
2.3850000000 1403.4002137713
2.3925000000 1418.4429338787
2.4000000000 1434.8628075905
2.4075000000 1452.6830322398
2.4150000000 1471.9276131956
2.4225000000 1492.6212284949
2.4300000000 1514.7890912080
2.4375000000 1538.4568099482
2.4450000000 1563.6502479525
2.4525000000 1590.3953811641
2.4600000000 1618.7181557628
2.4675000000 1648.6443455921
2.4750000000 1680.1994099401
2.4825000000 1713.4083521364
2.4900000000 1748.2955794299
2.4975000000 1784.8847646118
2.5050000000 1823.1987098502
2.5125000000 1863.2592131979
2.5200000000 1905.0869382301
2.5275000000 1948.7012872618
2.5350000000 1994.1202785853
2.5425000000 2041.3604281561
2.5500000000 2090.4366361420
2.5575000000 2141.3620787324
2.5650000000 2194.1481055882
2.5725000000 2248.8041432905
2.5800000000 2305.3376051239
2.5875000000 2363.7538075052
2.5950000000 2424.0558933423
2.6025000000 2486.2447625775
2.6100000000 2550.3190101421
2.6175000000 2616.2748715155
2.6250000000 2684.1061760497
2.6325000000 2753.8043081874
2.6400000000 2825.3581766643
2.6475000000 2898.7541917554
2.6550000000 2973.9762505844
2.6625000000 3051.0057304829
2.6700000000 3129.8214903498
2.6775000000 3210.3998799236
2.6850000000 3292.7147568491
2.6925000000 3376.7375113820
2.7000000000 3462.4370985456
2.7075000000 3549.7800775194
2.7150000000 3638.7306580105
2.7225000000 3729.2507533295
2.7300000000 3821.3000398675
2.7375000000 3914.8360226447
2.7450000000 4009.8141065799
2.7525000000 4106.1876731106
2.7600000000 4203.9081617766
2.7675000000 4302.9251563643
2.7750000000 4403.1864751997
2.7825000000 4504.6382651673
2.7900000000 4607.2250990276
2.7975000000 4710.8900756027
2.8050000000 4815.5749224005
2.8125000000 4921.2201002499
2.8200000000 5027.7649095252
2.8275000000 5135.1475975506
2.8350000000 5243.3054667803
2.8425000000 5352.1749833712
2.8500000000 5461.6918857762
2.8575000000 5571.7912930086
2.8650000000 5682.4078122468
2.8725000000 5793.4756454733
2.8800000000 5904.9286948649
2.8875000000 6016.7006666778
2.8950000000 6128.7251734001
2.9025000000 6240.9358339684
2.9100000000 6353.2663718796
2.9175000000 6465.6507110535
2.9250000000 6578.0230693343
2.9325000000 6690.3180495472
2.9400000000 6802.4707280568
2.9475000000 6914.4167408005
2.9550000000 7026.0923667986
2.9625000000 7137.4346091707
2.9700000000 7248.3812737097
2.9775000000 7358.8710450925
2.9850000000 7468.8435608230
2.9925000000 7578.2394830293
3.0000000000 7687.0005682466
3.0075000000 7795.0697353414
3.0150000000 7902.3911317380
3.0225000000 8008.9101981226
3.0300000000 8114.5737318089
3.0375000000 8219.3299489514
3.0450000000 8323.1285457977
3.0525000000 8425.9207591702
3.0600000000 8527.6594263667
3.0675000000 8628.2990446608
3.0750000000 8727.7958305804
3.0825000000 8826.1077791298
3.0900000000 8923.1947231088
3.0975000000 9019.0183926712
3.1050000000 9113.5424752461
3.1125000000 9206.7326759300
3.1200000000 9298.5567784381
3.1275000000 9388.9847066832
3.1350000000 9477.9885870293
3.1425000000 9565.5428112453
3.1500000000 9651.6241001608
3.1575000000 9736.2115680045
3.1650000000 9819.2867873808
3.1725000000 9900.8338548191
3.1800000000 9980.8394568059
3.1875000000 10059.2929361895
3.1950000000 10136.1863588236
3.2025000000 10211.5145802982
3.2100000000 10285.2753125842
3.2175000000 10357.4691904019
3.2250000000 10428.0998371058
3.2325000000 10497.1739298633
3.2400000000 10564.7012638905
3.2475000000 10630.6948154964
3.2550000000 10695.1708036767
3.2625000000 10758.1487499885
3.2700000000 10819.6515364306
3.2775000000 10879.7054610486
3.2850000000 10938.3402909782
3.2925000000 10995.5893126408
3.3000000000 11051.4893787987
3.3075000000 11106.0809521841
3.3150000000 11159.4081454092
3.3225000000 11211.5187568741
3.3300000000 11262.4643023851
3.3375000000 11312.3000422048
3.3450000000 11361.0850032554
3.3525000000 11408.8819962018
3.3600000000 11455.7576271451
3.3675000000 11501.7823036612
3.3750000000 11547.0302349216
3.3825000000 11591.5794256385
3.3900000000 11635.5116635770
3.3975000000 11678.9125003806
3.4050000000 11721.8712254566
3.4125000000 11764.4808326681
3.4200000000 11806.8379795796
3.4275000000 11849.0429390004
3.4350000000 11891.1995425682
3.4425000000 11933.4151161121
3.4500000000 11975.8004065293
3.4575000000 12018.4694999057
3.4650000000 12061.5397306036
3.4725000000 12105.1315810368
3.4800000000 12149.3685718432
3.4875000000 12194.3771421642
3.4950000000 12240.2865197284
3.5025000000 12287.2285804393
3.5100000000 12335.3376971559
3.5175000000 12384.7505773579
3.5250000000 12435.6060893836
3.5325000000 12488.0450769309
3.5400000000 12542.2101615147
3.5475000000 12598.2455325835
3.5550000000 12656.2967250041
3.5625000000 12716.5103836428
3.5700000000 12779.0340147844
3.5775000000 12844.0157241564
3.5850000000 12911.6039413547
3.5925000000 12981.9471304966
3.6000000000 13055.1934869698
3.6075000000 13131.4906201882
3.6150000000 13210.9852223189
3.6225000000 13293.8227229995
3.6300000000 13380.1469301304
3.6375000000 13470.0996568987
3.6450000000 13563.8203352621
3.6525000000 13661.4456162120
3.6600000000 13763.1089572184
3.6675000000 13868.9401973582
3.6750000000 13979.0651207311
3.6825000000 14093.6050088706
3.6900000000 14212.6761829745
3.6975000000 14336.3895368920
3.7050000000 14464.8500619262
3.7125000000 14598.1563646351
3.7200000000 14736.4001789377
3.7275000000 14879.6658739598
3.7350000000 15028.0299591824
3.7425000000 15181.5605885810
3.7500000000 15340.3170655696
3.7575000000 15504.3493506874
3.7650000000 15673.6975740815
3.7725000000 15848.3915549572
3.7800000000 16028.4503302696
3.7875000000 16213.8816950341
3.7950000000 16404.6817567217
3.8025000000 16600.8345062871
3.8100000000 16802.3114084469
3.8175000000 17009.0710138820
3.8250000000 17221.0585960813
3.8325000000 17438.2058155749
3.8400000000 17660.4304143137
3.8475000000 17887.6359429524
3.8550000000 18119.7115237691
3.8625000000 18356.5316519148
3.8700000000 18597.9560376287
3.8775000000 18843.8294919732
3.8850000000 19093.9818585481
3.8925000000 19348.2279935195
3.9000000000 19606.3677961634
3.9075000000 19868.1862919622
3.9150000000 20133.4537701098
3.9225000000 20401.9259770877
3.9300000000 20673.3443677451
3.9375000000 20947.4364150884
3.9450000000 21223.9159797211
3.9525000000 21502.4837396084
3.9600000000 21782.8276805491
3.9675000000 22064.6236474392
3.9750000000 22347.5359560919
3.9825000000 22631.2180650591
3.9900000000 22915.3133065609
3.9975000000 23199.4556752901
4.0050000000 23483.2706735117
4.0125000000 23766.3762105297
4.0200000000 24048.3835542423
4.0275000000 24328.8983321607
4.0350000000 24607.5215789221
4.0425000000 24883.8508269931
4.0500000000 25157.4812369314
4.0575000000 25428.0067632585
4.0650000000 25695.0213516962
4.0725000000 25958.1201632354
4.0800000000 26216.9008202403
4.0875000000 26470.9646695468
4.0950000000 26719.9180572967
4.1025000000 26963.3736100512
4.1100000000 27200.9515165635
4.1175000000 27432.2808044511
4.1250000000 27657.0006059036
4.1325000000 27874.7614064862
4.1400000000 28085.2262710597
4.1475000000 28288.0720408326
4.1550000000 28482.9904955890
4.1625000000 28669.6894752026
4.1700000000 28847.8939546480
4.1775000000 29017.3470668601
4.1850000000 29177.8110679608
4.1925000000 29329.0682395894
4.2000000000 29470.9217233070
4.2075000000 29603.1962823313
4.2150000000 29725.7389861589
4.2225000000 29838.4198139802
4.2300000000 29941.1321731528
4.2375000000 30033.7933294028
4.2450000000 30116.3447458352
4.2525000000 30188.7523282861
4.2600000000 30251.0065750029
4.2675000000 30303.1226291236
4.2750000000 30345.1402329165
4.2825000000 30377.1235832445
4.2900000000 30399.1610882317
4.2975000000 30411.3650256230
4.3050000000 30413.8711038469
4.3125000000 30406.8379273034
4.3200000000 30390.4463679111
4.3275000000 30364.8988454463
4.3350000000 30330.4185196954
4.3425000000 30287.2483979150
4.3500000000 30235.6503615519
4.3575000000 30175.9041166034
4.3650000000 30108.3060724145
4.3725000000 30033.1681540865
4.3800000000 29950.8165540280
4.3875000000 29861.5904285015
4.3950000000 29765.8405453074
4.4025000000 29663.9278889993
4.4100000000 29556.2222302452
4.4175000000 29443.1006661226
4.4250000000 29324.9461382780
4.4325000000 29202.1459359806
4.4400000000 29075.0901911546
4.4475000000 28944.1703724978
4.4550000000 28809.7777857656
4.4625000000 28672.3020872399
4.4700000000 28532.1298172961
4.4775000000 28389.6429608416
4.4850000000 28245.2175412157
4.4925000000 28099.2222539265
4.5000000000 27952.0171463477
4.5075000000 27803.9523492122
4.5150000000 27655.3668654257
4.5225000000 27506.5874213755
4.5300000000 27357.9273855418
4.5375000000 27209.6857588205
4.5450000000 27062.1462405515
4.5525000000 26915.5763738115
4.5600000000 26770.2267730787
4.5675000000 26626.3304369138
4.5750000000 26484.1021478297
4.5825000000 26343.7379610403
4.5900000000 26205.4147832979
4.5975000000 26069.2900425429
4.6050000000 25935.5014486092
4.6125000000 25804.1668447500
4.6200000000 25675.3841492828
4.6275000000 25549.2313861940
4.6350000000 25425.7668030968
4.6425000000 25305.0290745121
4.6500000000 25187.0375880281
4.6575000000 25071.7928105065
4.6650000000 24959.2767311364
4.6725000000 24849.4533777917
4.6800000000 24742.2694028345
4.6875000000 24637.6547342144
4.6950000000 24535.5232874548
4.7025000000 24435.7737338842
4.7100000000 24338.2903202738
4.7175000000 24242.9437348691
4.7250000000 24149.5920146688
4.7325000000 24058.0814886976
4.7400000000 23968.2477519457
4.7475000000 23879.9166646060
4.7550000000 23792.9053712284
4.7625000000 23707.0233344322
4.7700000000 23622.0733778650
4.7775000000 23537.8527331777
4.7850000000 23454.1540858901
4.7925000000 23370.7666151553
4.8000000000 23287.4770225902
4.8075000000 23204.0705455215
4.8150000000 23120.3319501993
4.8225000000 23036.0465007565
4.8300000000 22951.0008999355
4.8375000000 22864.9841978601
4.8450000000 22777.7886654089
4.8525000000 22689.2106290282
4.8600000000 22599.0512641238
4.8675000000 22507.1173444728
4.8750000000 22413.2219454089
4.8825000000 22317.1850988530
4.8900000000 22218.8343985745
4.8975000000 22118.0055543889
4.9050000000 22014.5428943152
4.9125000000 21908.2998140237
4.9200000000 21799.1391732179
4.9275000000 21686.9336388876
4.9350000000 21571.5659756643
4.9425000000 21452.9292837892
4.9500000000 21330.9271854690
4.9575000000 21205.4739606514
4.9650000000 21076.4946334917
4.9725000000 20943.9250110022
4.9800000000 20807.7116755882
4.9875000000 20667.8119333579
4.9950000000 20524.1937202696
5.0025000000 20376.8354683293
5.0100000000 20225.7259341848
5.0175000000 20070.8639925770
5.0250000000 19912.2583972039
5.0325000000 19749.9275116240
5.0400000000 19583.8990128856
5.0475000000 19414.2095706003
5.0550000000 19240.9045041982
5.0625000000 19064.0374211019
5.0700000000 18883.6698385353
5.0775000000 18699.8707916508
5.0850000000 18512.7164306049
5.0925000000 18322.2896091461
5.1000000000 18128.6794671996
5.1075000000 17931.9810098381
5.1150000000 17732.2946849243
5.1225000000 17529.7259615923
5.1300000000 17324.3849116134
5.1375000000 17116.3857955544
5.1450000000 16905.8466554976
5.1525000000 16692.8889159474
5.1600000000 16477.6369943960
5.1675000000 16260.2179228671
5.1750000000 16040.7609816050
5.1825000000 15819.3973459172
5.1900000000 15596.2597470269
5.1975000000 15371.4821476375
5.2050000000 15145.1994327631
5.2125000000 14917.5471162309
5.2200000000 14688.6610631245
5.2275000000 14458.6772282987
5.2350000000 14227.7314109710
5.2425000000 13995.9590252739
5.2500000000 13763.4948865385
5.2575000000 13530.4730129793
5.2650000000 13297.0264423518
5.2725000000 13063.2870630725
5.2800000000 12829.3854592140
5.2875000000 12595.4507687235
5.2950000000 12361.6105541578
5.3025000000 12127.9906851815
5.3100000000 11894.7152320424
5.3175000000 11661.9063692107
5.3250000000 11429.6842883529
5.3325000000 11198.1671198069
5.3400000000 10967.4708617250
5.3475000000 10737.7093160623
5.3550000000 10508.9940306090
5.3625000000 10281.4342462877
5.3700000000 10055.1368489729
5.3775000000 9830.2063251254
5.3850000000 9606.7447205811
5.3925000000 9384.8516018822
5.4000000000 9164.6240195885
5.4075000000 8946.1564730687
5.4150000000 8729.5408763237
5.4225000000 8514.8665244593
5.4300000000 8302.2200604840
5.4375000000 8091.6854421729
5.4450000000 7883.3439087968
5.4525000000 7677.2739475796
5.4600000000 7473.5512598040
5.4675000000 7272.2487265462
5.4750000000 7073.4363740708
5.4825000000 6877.1813389720
5.4900000000 6683.5478331953
5.4975000000 6492.5971091158
5.5050000000 6304.3874248925
5.5125000000 6118.9740103523
5.5200000000 5936.4090336874
5.5275000000 5756.7415692791
5.5350000000 5580.0175669779
5.5425000000 5406.2798231920
5.5500000000 5235.5679541408
5.5575000000 5067.9183716424
5.5650000000 4903.3642618012
5.5725000000 4741.9355669623
5.5800000000 4583.6589712868
5.5875000000 4428.5578902962
5.5950000000 4276.6524647110
5.6025000000 4127.9595588956
5.6100000000 3982.4927641917
5.6175000000 3840.2624074015
5.6250000000 3701.2755646480
5.6325000000 3565.5360808112
5.6400000000 3433.0445947035
5.6475000000 3303.7985701126
5.6550000000 3177.7923328030
5.6625000000 3055.0171135308
5.6700000000 2935.4610970871
5.6775000000 2819.1094773467
5.6850000000 2705.9445182631
5.6925000000 2595.9456207102
5.7000000000 2489.0893950371
5.7075000000 2385.3497391654
5.7150000000 2284.6979220259
5.7225000000 2187.1026720980
5.7300000000 2092.5302707862
5.7375000000 2000.9446503402
5.7450000000 1912.3074959987
5.7525000000 1826.5783520149
5.7600000000 1743.7147312014
5.7675000000 1663.6722276141
5.7750000000 1586.4046319807
5.7825000000 1511.8640494679
5.7900000000 1440.0010193715
5.7975000000 1370.7646363081
5.8050000000 1304.1026724853
5.8125000000 1239.9617006251
5.8200000000 1178.2872171181
5.8275000000 1119.0237649923
5.8350000000 1062.1150562877
5.8425000000 1007.5040934349
5.8500000000 955.1332892529
5.8575000000 904.9445851919
5.8650000000 856.8795674644
5.8725000000 810.8795807245
5.8800000000 766.8858389781
5.8875000000 724.8395334214
5.8950000000 684.6819369338
5.9025000000 646.3545049684
5.9100000000 609.7989726096
5.9175000000 574.9574475914
5.9250000000 541.7724990939
5.9325000000 510.1872421582
5.9400000000 480.1454175895
5.9475000000 451.5914672371
5.9550000000 424.4706045677
5.9625000000 398.7288804709
5.9700000000 374.3132442595
5.9775000000 351.1715998489
5.9850000000 329.2528571212
5.9925000000 308.5069785023
6.0000000000 288.8850207969
6.0075000000 270.3391723476
6.0150000000 252.8227855987
6.0225000000 236.2904051650
6.0300000000 220.6977915173
6.0375000000 206.0019404109
6.0450000000 192.1610981981
6.0525000000 179.1347731713
6.0600000000 166.8837430985
6.0675000000 155.3700591179
6.0750000000 144.5570461643
6.0825000000 134.4093001103
6.0900000000 124.8926818042
6.0975000000 115.9743081933
6.1050000000 107.6225407223
6.1125000000 99.8069711976
6.1200000000 92.4984053073
6.1275000000 85.6688439879
6.1350000000 79.2914628245
6.1425000000 73.3405896690
6.1500000000 67.7916806594
6.1575000000 62.6212948156
6.1650000000 57.8070673847
6.1725000000 53.3276821027
6.1800000000 49.1628425331
6.1875000000 45.2932426374
6.1950000000 41.7005367247
6.2025000000 38.3673089213
6.2100000000 35.2770422940
6.2175000000 32.4140877525
6.2250000000 29.7636328501
6.2325000000 27.3116705922
6.2400000000 25.0449683573
6.2475000000 22.9510370245
6.2550000000 21.0181003959
6.2625000000 19.2350649944
6.2700000000 17.5914903097
6.2775000000 16.0775595587
6.2850000000 14.6840510188
6.2925000000 13.4023099863
6.3000000000 12.2242214070
6.3075000000 11.1421832156
6.3150000000 10.1490804214
6.3225000000 9.2382599642
6.3300000000 8.4035063671
6.3375000000 7.6390181999
6.3450000000 6.9393853693
6.3525000000 6.2995672425
6.3600000000 5.7148716095
6.3675000000 5.1809344840
6.3750000000 4.6937007414
6.3825000000 4.2494055867
6.3900000000 3.8445568446
6.3975000000 3.4759180592
6.4050000000 3.1404923910
6.4125000000 2.8355072945
6.4200000000 2.5583999592
6.4275000000 2.3068034951
6.4350000000 2.0785338421
6.4425000000 1.8715773822
6.4500000000 1.6840792311
6.4575000000 1.5143321878
6.4650000000 1.3607663169
6.4725000000 1.2219391405
6.4800000000 1.0965264152
6.4875000000 0.9833134700
6.4950000000 0.8811870805
6.5025000000 0.7891278553
6.5100000000 0.7062031115
6.5175000000 0.6315602140
6.5250000000 0.5644203571
6.5325000000 0.5040727650
6.5400000000 0.4498692891
6.5475000000 0.4012193804
6.5550000000 0.3575854165
6.5625000000 0.3184783628
6.5700000000 0.2834537484
6.5775000000 0.2521079371
6.5850000000 0.2240746778
6.5925000000 0.1990219134
6.6000000000 0.1766488354
6.6075000000 0.1566831652
6.6150000000 0.1388786493
6.6225000000 0.1230127527
6.6300000000 0.1088845381
6.6375000000 0.0963127162
6.6450000000 0.0851338576
6.6525000000 0.0752007513
6.6600000000 0.0663809032
6.6675000000 0.0585551599
6.6750000000 0.0516164521
6.6825000000 0.0454686459
6.6900000000 0.0400254954
6.6975000000 0.0352096872
6.7050000000 0.0309519709
6.7125000000 0.0271903673
6.7200000000 0.0238694494
6.7275000000 0.0209396889
6.7350000000 0.0183568639
6.7425000000 0.0160815213
6.7500000000 0.0140784904
6.7575000000 0.0123164433
6.7650000000 0.0107674964
6.7725000000 0.0094068521
6.7800000000 0.0082124736
6.7875000000 0.0071647939
6.7950000000 0.0062464521
6.8025000000 0.0054420567
6.8100000000 0.0047379732
6.8175000000 0.0041221328
6.8250000000 0.0035838610
6.8325000000 0.0031137237
6.8400000000 0.0027033899
6.8475000000 0.0023455083
6.8550000000 0.0020335968
6.8625000000 0.0017619448
6.8700000000 0.0015255248
6.8775000000 0.0013199143
6.8850000000 0.0011412259
6.8925000000 0.0009860454
6.9000000000 0.0008513763
6.9075000000 0.0007345909
6.9150000000 0.0006333865
6.9225000000 0.0005457469
6.9300000000 0.0004699082
6.9375000000 0.0004043281
6.9450000000 0.0003476593
6.9525000000 0.0002987260
6.9600000000 0.0002565023
6.9675000000 0.0002200941
6.9750000000 0.0001887229
6.9825000000 0.0001617111
6.9900000000 0.0001384694
6.9975000000 0.0001184860
7.0050000000 0.0001013162
7.0125000000 0.0000865744
7.0200000000 0.0000739263
7.0275000000 0.0000630823
7.0350000000 0.0000537916
7.0425000000 0.0000458374
7.0500000000 0.0000390323
7.0575000000 0.0000332145
7.0650000000 0.0000282442
7.0725000000 0.0000240010
7.0800000000 0.0000203811
7.0875000000 0.0000172952
7.0950000000 0.0000146664
7.1025000000 0.0000124284
7.1100000000 0.0000105247
7.1175000000 0.0000089064
7.1250000000 0.0000075317
7.1325000000 0.0000063647
7.1400000000 0.0000053748
7.1475000000 0.0000045358
7.1550000000 0.0000038250
7.1625000000 0.0000032234
7.1700000000 0.0000027145
7.1775000000 0.0000022844
7.1850000000 0.0000019211
7.1925000000 0.0000016145
7.2000000000 0.0000013558
7.2075000000 0.0000011378
7.2150000000 0.0000009542
7.2225000000 0.0000007997
7.2300000000 0.0000006697
7.2375000000 0.0000005604
7.2450000000 0.0000004687
7.2525000000 0.0000003917
7.2600000000 0.0000003271
7.2675000000 0.0000002730
7.2750000000 0.0000002277
7.2825000000 0.0000001897
7.2900000000 0.0000001580
7.2975000000 0.0000001315
7.3050000000 0.0000001094
7.3125000000 0.0000000909
7.3200000000 0.0000000755
7.3275000000 0.0000000627
7.3350000000 0.0000000520
7.3425000000 0.0000000431
7.3500000000 0.0000000357
7.3575000000 0.0000000295
7.3650000000 0.0000000244
7.3725000000 0.0000000202
7.3800000000 0.0000000167
7.3875000000 0.0000000138
7.3950000000 0.0000000113
7.4025000000 0.0000000093
7.4100000000 0.0000000077
7.4175000000 0.0000000063
7.4250000000 0.0000000052
7.4325000000 0.0000000043
7.4400000000 0.0000000035
7.4475000000 0.0000000029
7.4550000000 0.0000000024
7.4625000000 0.0000000019
7.4700000000 0.0000000016
7.4775000000 0.0000000013
7.4850000000 0.0000000011
7.4925000000 0.0000000009
7.5000000000 0.0000000007
7.5075000000 0.0000000006
7.5150000000 0.0000000005
7.5225000000 0.0000000004
7.5300000000 0.0000000003
7.5375000000 0.0000000003
7.5450000000 0.0000000002
7.5525000000 0.0000000002
7.5600000000 0.0000000001
7.5675000000 0.0000000001
7.5750000000 0.0000000001
7.5825000000 0.0000000001
7.5900000000 0.0000000001
7.5975000000 0.0000000000
7.6050000000 0.0000000000
7.6125000000 0.0000000000
7.6200000000 0.0000000000
7.6275000000 0.0000000000
7.6350000000 0.0000000000
7.6425000000 0.0000000000
7.6500000000 0.0000000000
7.6575000000 0.0000000000
7.6650000000 0.0000000000
7.6725000000 0.0000000000
7.6800000000 0.0000000000
7.6875000000 0.0000000000
7.6950000000 0.0000000000
7.7025000000 0.0000000000
7.7100000000 0.0000000000
7.7175000000 0.0000000000
7.7250000000 0.0000000000
7.7325000000 0.0000000000
7.7400000000 0.0000000000
7.7475000000 0.0000000000
7.7550000000 0.0000000000
7.7625000000 0.0000000000
7.7700000000 0.0000000000
7.7775000000 0.0000000000
7.7850000000 0.0000000000
7.7925000000 0.0000000000
7.8000000000 0.0000000000
7.8075000000 0.0000000000
7.8150000000 0.0000000000
7.8225000000 0.0000000000
7.8300000000 0.0000000000
7.8375000000 0.0000000000
7.8450000000 0.0000000000
7.8525000000 0.0000000000
7.8600000000 0.0000000000
7.8675000000 0.0000000000
7.8750000000 0.0000000000
7.8825000000 0.0000000000
7.8900000000 0.0000000000
7.8975000000 0.0000000000
7.9050000000 0.0000000000
7.9125000000 0.0000000000
7.9200000000 0.0000000000
7.9275000000 0.0000000000
7.9350000000 0.0000000000
7.9425000000 0.0000000000
7.9500000000 0.0000000000
7.9575000000 0.0000000000
7.9650000000 0.0000000000
7.9725000000 0.0000000000
7.9800000000 0.0000000000
7.9875000000 0.0000000000
7.9950000000 0.0000000000
8.0025000000 0.0000000000
8.0100000000 0.0000000000
8.0175000000 0.0000000000
8.0250000000 0.0000000000
8.0325000000 0.0000000000
8.0400000000 0.0000000000
8.0475000000 0.0000000000
8.0550000000 0.0000000000
8.0625000000 0.0000000000
8.0700000000 0.0000000000
8.0775000000 0.0000000000
8.0850000000 0.0000000000
8.0925000000 0.0000000000
8.1000000000 0.0000000000
8.1075000000 0.0000000000
8.1150000000 0.0000000000
8.1225000000 0.0000000000
8.1300000000 0.0000000000
8.1375000000 0.0000000000
8.1450000000 0.0000000000
8.1525000000 0.0000000000
8.1600000000 0.0000000000
8.1675000000 0.0000000000
8.1750000000 0.0000000000
8.1825000000 0.0000000000
8.1900000000 0.0000000000
8.1975000000 0.0000000000
8.2050000000 0.0000000000
8.2125000000 0.0000000000
8.2200000000 0.0000000000
8.2275000000 0.0000000000
8.2350000000 0.0000000000
8.2425000000 0.0000000000
8.2500000000 0.0000000000
8.2575000000 0.0000000000
8.2650000000 0.0000000000
8.2725000000 0.0000000000
8.2800000000 0.0000000000
8.2875000000 0.0000000000
8.2950000000 0.0000000000
8.3025000000 0.0000000000
8.3100000000 0.0000000000
8.3175000000 0.0000000000
8.3250000000 0.0000000000
8.3325000000 0.0000000000
8.3400000000 0.0000000000
8.3475000000 0.0000000000
8.3550000000 0.0000000000
8.3625000000 0.0000000000
8.3700000000 0.0000000000
8.3775000000 0.0000000000
8.3850000000 0.0000000000
8.3925000000 0.0000000000
8.4000000000 0.0000000000
8.4075000000 0.0000000000
8.4150000000 0.0000000000
8.4225000000 0.0000000000
8.4300000000 0.0000000000
8.4375000000 0.0000000000
8.4450000000 0.0000000000
8.4525000000 0.0000000000
8.4600000000 0.0000000000
8.4675000000 0.0000000000
8.4750000000 0.0000000000
8.4825000000 0.0000000000
8.4900000000 0.0000000000
8.4975000000 0.0000000000
8.5050000000 0.0000000000
8.5125000000 0.0000000000
8.5200000000 0.0000000000
8.5275000000 0.0000000000
8.5350000000 0.0000000000
8.5425000000 0.0000000000
8.5500000000 0.0000000000
8.5575000000 0.0000000000
8.5650000000 0.0000000000
8.5725000000 0.0000000000
8.5800000000 0.0000000000
8.5875000000 0.0000000000
8.5950000000 0.0000000000
8.6025000000 0.0000000000
8.6100000000 0.0000000000
8.6175000000 0.0000000000
8.6250000000 0.0000000000
8.6325000000 0.0000000000
8.6400000000 0.0000000000
8.6475000000 0.0000000000
8.6550000000 0.0000000000
8.6625000000 0.0000000000
8.6700000000 0.0000000000
8.6775000000 0.0000000000
8.6850000000 0.0000000000
8.6925000000 0.0000000000
8.7000000000 0.0000000000
8.7075000000 0.0000000000
8.7150000000 0.0000000000
8.7225000000 0.0000000000
8.7300000000 0.0000000000
8.7375000000 0.0000000000
8.7450000000 0.0000000000
8.7525000000 0.0000000000
8.7600000000 0.0000000000
8.7675000000 0.0000000000
8.7750000000 0.0000000000
8.7825000000 0.0000000000
8.7900000000 0.0000000000
8.7975000000 0.0000000000
8.8050000000 0.0000000000
8.8125000000 0.0000000000
8.8200000000 0.0000000000
8.8275000000 0.0000000000
8.8350000000 0.0000000000
8.8425000000 0.0000000000
8.8500000000 0.0000000000
8.8575000000 0.0000000000
8.8650000000 0.0000000000
8.8725000000 0.0000000000
8.8800000000 0.0000000000
8.8875000000 0.0000000000
8.8950000000 0.0000000000
8.9025000000 0.0000000000
8.9100000000 0.0000000000
8.9175000000 0.0000000000
8.9250000000 0.0000000000
8.9325000000 0.0000000000
8.9400000000 0.0000000000
8.9475000000 0.0000000000
8.9550000000 0.0000000000
8.9625000000 0.0000000000
8.9700000000 0.0000000000
8.9775000000 0.0000000000
8.9850000000 0.0000000000
8.9925000000 0.0000000000
9.0000000000 0.0000000000
9.0075000000 0.0000000000
9.0150000000 0.0000000000
9.0225000000 0.0000000000
9.0300000000 0.0000000000
9.0375000000 0.0000000000
9.0450000000 0.0000000000
9.0525000000 0.0000000000
9.0600000000 0.0000000000
9.0675000000 0.0000000000
9.0750000000 0.0000000000
9.0825000000 0.0000000000
9.0900000000 0.0000000000
9.0975000000 0.0000000000
9.1050000000 0.0000000000
9.1125000000 0.0000000000
9.1200000000 0.0000000000
9.1275000000 0.0000000000
9.1350000000 0.0000000000
9.1425000000 0.0000000000
9.1500000000 0.0000000000
9.1575000000 0.0000000000
9.1650000000 0.0000000000
9.1725000000 0.0000000000
9.1800000000 0.0000000000
9.1875000000 0.0000000000
9.1950000000 0.0000000000
9.2025000000 0.0000000000
9.2100000000 0.0000000000
9.2175000000 0.0000000000
9.2250000000 0.0000000000
9.2325000000 0.0000000000
9.2400000000 0.0000000000
9.2475000000 0.0000000000
9.2550000000 0.0000000000
9.2625000000 0.0000000000
9.2700000000 0.0000000000
9.2775000000 0.0000000000
9.2850000000 0.0000000000
9.2925000000 0.0000000000
9.3000000000 0.0000000000
9.3075000000 0.0000000000
9.3150000000 0.0000000000
9.3225000000 0.0000000000
9.3300000000 0.0000000000
9.3375000000 0.0000000000
9.3450000000 0.0000000000
9.3525000000 0.0000000000
9.3600000000 0.0000000000
9.3675000000 0.0000000000
9.3750000000 0.0000000000
9.3825000000 0.0000000000
9.3900000000 0.0000000000
9.3975000000 0.0000000000
9.4050000000 0.0000000000
9.4125000000 0.0000000000
9.4200000000 0.0000000000
9.4275000000 0.0000000000
9.4350000000 0.0000000000
9.4425000000 0.0000000000
9.4500000000 0.0000000000
9.4575000000 0.0000000000
9.4650000000 0.0000000000
9.4725000000 0.0000000000
9.4800000000 0.0000000000
9.4875000000 0.0000000000
9.4950000000 0.0000000000
9.5025000000 0.0000000000
9.5100000000 0.0000000000
9.5175000000 0.0000000000
9.5250000000 0.0000000000
9.5325000000 0.0000000000
9.5400000000 0.0000000000
9.5475000000 0.0000000000
9.5550000000 0.0000000000
9.5625000000 0.0000000000
9.5700000000 0.0000000000
9.5775000000 0.0000000000
9.5850000000 0.0000000000
9.5925000000 0.0000000000
9.6000000000 0.0000000000
9.6075000000 0.0000000000
9.6150000000 0.0000000000
9.6225000000 0.0000000000
9.6300000000 0.0000000000
9.6375000000 0.0000000000
9.6450000000 0.0000000000
9.6525000000 0.0000000000
9.6600000000 0.0000000000
9.6675000000 0.0000000000
9.6750000000 0.0000000000
9.6825000000 0.0000000000
9.6900000000 0.0000000000
9.6975000000 0.0000000000
9.7050000000 0.0000000000
9.7125000000 0.0000000000
9.7200000000 0.0000000000
9.7275000000 0.0000000000
9.7350000000 0.0000000000
9.7425000000 0.0000000000
9.7500000000 0.0000000000
9.7575000000 0.0000000000
9.7650000000 0.0000000000
9.7725000000 0.0000000000
9.7800000000 0.0000000000
9.7875000000 0.0000000000
9.7950000000 0.0000000000
9.8025000000 0.0000000000
9.8100000000 0.0000000000
9.8175000000 0.0000000000
9.8250000000 0.0000000000
9.8325000000 0.0000000000
9.8400000000 0.0000000000
9.8475000000 0.0000000000
9.8550000000 0.0000000000
9.8625000000 0.0000000000
9.8700000000 0.0000000000
9.8775000000 0.0000000000
9.8850000000 0.0000000000
9.8925000000 0.0000000000
9.9000000000 0.0000000000
9.9075000000 0.0000000000
9.9150000000 0.0000000000
9.9225000000 0.0000000000
9.9300000000 0.0000000000
9.9375000000 0.0000000000
9.9450000000 0.0000000000
9.9525000000 0.0000000000
9.9600000000 0.0000000000
9.9675000000 0.0000000000
9.9750000000 0.0000000000
9.9825000000 0.0000000000
9.9900000000 0.0000000000
9.9975000000 0.0000000000
10.0050000000 0.0000000000
10.0125000000 0.0000000000
10.0200000000 0.0000000000
10.0275000000 0.0000000000
10.0350000000 0.0000000000
10.0425000000 0.0000000000
10.0500000000 0.0000000000
10.0575000000 0.0000000000
10.0650000000 0.0000000000
10.0725000000 0.0000000000
10.0800000000 0.0000000000
10.0875000000 0.0000000000
10.0950000000 0.0000000000
10.1025000000 0.0000000000
10.1100000000 0.0000000000
10.1175000000 0.0000000000
10.1250000000 0.0000000000
10.1325000000 0.0000000000
10.1400000000 0.0000000000
10.1475000000 0.0000000000
10.1550000000 0.0000000000
10.1625000000 0.0000000000
10.1700000000 0.0000000000
10.1775000000 0.0000000000
10.1850000000 0.0000000000
10.1925000000 0.0000000000
10.2000000000 0.0000000000
10.2075000000 0.0000000000
10.2150000000 0.0000000000
10.2225000000 0.0000000000
10.2300000000 0.0000000000
10.2375000000 0.0000000000
10.2450000000 0.0000000000
10.2525000000 0.0000000000
10.2600000000 0.0000000000
10.2675000000 0.0000000000
10.2750000000 0.0000000000
10.2825000000 0.0000000000
10.2900000000 0.0000000000
10.2975000000 0.0000000000
10.3050000000 0.0000000000
10.3125000000 0.0000000000
10.3200000000 0.0000000000
10.3275000000 0.0000000000
10.3350000000 0.0000000000
10.3425000000 0.0000000000
10.3500000000 0.0000000000
10.3575000000 0.0000000000
10.3650000000 0.0000000000
10.3725000000 0.0000000000
10.3800000000 0.0000000000
10.3875000000 0.0000000000
10.3950000000 0.0000000000
10.4025000000 0.0000000000
10.4100000000 0.0000000000
10.4175000000 0.0000000000
10.4250000000 0.0000000000
10.4325000000 0.0000000000
10.4400000000 0.0000000000
10.4475000000 0.0000000000
10.4550000000 0.0000000000
10.4625000000 0.0000000000
10.4700000000 0.0000000000
10.4775000000 0.0000000000
10.4850000000 0.0000000000
10.4925000000 0.0000000000
10.5000000000 0.0000000000
10.5075000000 0.0000000000
10.5150000000 0.0000000000
10.5225000000 0.0000000000
10.5300000000 0.0000000000
10.5375000000 0.0000000000
10.5450000000 0.0000000000
10.5525000000 0.0000000000
10.5600000000 0.0000000000
10.5675000000 0.0000000000
10.5750000000 0.0000000000
10.5825000000 0.0000000000
10.5900000000 0.0000000000
10.5975000000 0.0000000000
10.6050000000 0.0000000000
10.6125000000 0.0000000000
10.6200000000 0.0000000000
10.6275000000 0.0000000000
10.6350000000 0.0000000000
10.6425000000 0.0000000000
10.6500000000 0.0000000000
10.6575000000 0.0000000000
10.6650000000 0.0000000000
10.6725000000 0.0000000000
10.6800000000 0.0000000000
10.6875000000 0.0000000000
10.6950000000 0.0000000000
10.7025000000 0.0000000000
10.7100000000 0.0000000000
10.7175000000 0.0000000000
10.7250000000 0.0000000000
10.7325000000 0.0000000000
10.7400000000 0.0000000000
10.7475000000 0.0000000000
10.7550000000 0.0000000000
10.7625000000 0.0000000000
10.7700000000 0.0000000000
10.7775000000 0.0000000000
10.7850000000 0.0000000000
10.7925000000 0.0000000000
10.8000000000 0.0000000000
10.8075000000 0.0000000000
10.8150000000 0.0000000000
10.8225000000 0.0000000000
10.8300000000 0.0000000000
10.8375000000 0.0000000000
10.8450000000 0.0000000000
10.8525000000 0.0000000000
10.8600000000 0.0000000000
10.8675000000 0.0000000000
10.8750000000 0.0000000000
10.8825000000 0.0000000000
10.8900000000 0.0000000000
10.8975000000 0.0000000000
10.9050000000 0.0000000000
10.9125000000 0.0000000000
10.9200000000 0.0000000000
10.9275000000 0.0000000000
10.9350000000 0.0000000000
10.9425000000 0.0000000000
10.9500000000 0.0000000000
10.9575000000 0.0000000000
10.9650000000 0.0000000000
10.9725000000 0.0000000000
10.9800000000 0.0000000000
10.9875000000 0.0000000000
10.9950000000 0.0000000000
11.0025000000 0.0000000000
11.0100000000 0.0000000000
11.0175000000 0.0000000000
11.0250000000 0.0000000000
11.0325000000 0.0000000000
11.0400000000 0.0000000000
11.0475000000 0.0000000000
11.0550000000 0.0000000000
11.0625000000 0.0000000000
11.0700000000 0.0000000000
11.0775000000 0.0000000000
11.0850000000 0.0000000000
11.0925000000 0.0000000000
11.1000000000 0.0000000000
11.1075000000 0.0000000000
11.1150000000 0.0000000000
11.1225000000 0.0000000000
11.1300000000 0.0000000000
11.1375000000 0.0000000000
11.1450000000 0.0000000000
11.1525000000 0.0000000000
11.1600000000 0.0000000000
11.1675000000 0.0000000000
11.1750000000 0.0000000000
11.1825000000 0.0000000000
11.1900000000 0.0000000000
11.1975000000 0.0000000000
11.2050000000 0.0000000000
11.2125000000 0.0000000000
11.2200000000 0.0000000000
11.2275000000 0.0000000000
11.2350000000 0.0000000000
11.2425000000 0.0000000000
11.2500000000 0.0000000000
11.2575000000 0.0000000000
11.2650000000 0.0000000000
11.2725000000 0.0000000000
11.2800000000 0.0000000000
11.2875000000 0.0000000000
11.2950000000 0.0000000000
11.3025000000 0.0000000000
11.3100000000 0.0000000000
11.3175000000 0.0000000000
11.3250000000 0.0000000000
11.3325000000 0.0000000000
11.3400000000 0.0000000000
11.3475000000 0.0000000000
11.3550000000 0.0000000000
11.3625000000 0.0000000000
11.3700000000 0.0000000000
11.3775000000 0.0000000000
11.3850000000 0.0000000000
11.3925000000 0.0000000000
11.4000000000 0.0000000000
11.4075000000 0.0000000000
11.4150000000 0.0000000000
11.4225000000 0.0000000000
11.4300000000 0.0000000000
11.4375000000 0.0000000000
11.4450000000 0.0000000000
11.4525000000 0.0000000000
11.4600000000 0.0000000000
11.4675000000 0.0000000000
11.4750000000 0.0000000000
11.4825000000 0.0000000000
11.4900000000 0.0000000000
11.4975000000 0.0000000000
11.5050000000 0.0000000000
11.5125000000 0.0000000000
11.5200000000 0.0000000000
11.5275000000 0.0000000000
11.5350000000 0.0000000000
11.5425000000 0.0000000000
11.5500000000 0.0000000000
11.5575000000 0.0000000000
11.5650000000 0.0000000000
11.5725000000 0.0000000000
11.5800000000 0.0000000000
11.5875000000 0.0000000000
11.5950000000 0.0000000000
11.6025000000 0.0000000000
11.6100000000 0.0000000000
11.6175000000 0.0000000000
11.6250000000 0.0000000000
11.6325000000 0.0000000000
11.6400000000 0.0000000000
11.6475000000 0.0000000000
11.6550000000 0.0000000000
11.6625000000 0.0000000000
11.6700000000 0.0000000000
11.6775000000 0.0000000000
11.6850000000 0.0000000000
11.6925000000 0.0000000000
11.7000000000 0.0000000000
11.7075000000 0.0000000000
11.7150000000 0.0000000000
11.7225000000 0.0000000000
11.7300000000 0.0000000000
11.7375000000 0.0000000000
11.7450000000 0.0000000000
11.7525000000 0.0000000000
11.7600000000 0.0000000000
11.7675000000 0.0000000000
11.7750000000 0.0000000000
11.7825000000 0.0000000000
11.7900000000 0.0000000000
11.7975000000 0.0000000000
11.8050000000 0.0000000000
11.8125000000 0.0000000000
11.8200000000 0.0000000000
11.8275000000 0.0000000000
11.8350000000 0.0000000000
11.8425000000 0.0000000000
11.8500000000 0.0000000000
11.8575000000 0.0000000000
11.8650000000 0.0000000000
11.8725000000 0.0000000000
11.8800000000 0.0000000000
11.8875000000 0.0000000000
11.8950000000 0.0000000000
11.9025000000 0.0000000000
11.9100000000 0.0000000000
11.9175000000 0.0000000000
11.9250000000 0.0000000000
11.9325000000 0.0000000000
11.9400000000 0.0000000000
11.9475000000 0.0000000000
11.9550000000 0.0000000000
11.9625000000 0.0000000000
11.9700000000 0.0000000000
11.9775000000 0.0000000000
11.9850000000 0.0000000000
11.9925000000 0.0000000000
12.0000000000 0.0000000000
12.0075000000 0.0000000000
12.0150000000 0.0000000000
12.0225000000 0.0000000000
12.0300000000 0.0000000000
12.0375000000 0.0000000000
12.0450000000 0.0000000000
12.0525000000 0.0000000000
12.0600000000 0.0000000000
12.0675000000 0.0000000000
12.0750000000 0.0000000000
12.0825000000 0.0000000000
12.0900000000 0.0000000000
12.0975000000 0.0000000000
12.1050000000 0.0000000000
12.1125000000 0.0000000000
12.1200000000 0.0000000000
12.1275000000 0.0000000000
12.1350000000 0.0000000000
12.1425000000 0.0000000000
12.1500000000 0.0000000000
12.1575000000 0.0000000000
12.1650000000 0.0000000000
12.1725000000 0.0000000000
12.1800000000 0.0000000000
12.1875000000 0.0000000000
12.1950000000 0.0000000000
12.2025000000 0.0000000000
12.2100000000 0.0000000000
12.2175000000 0.0000000000
12.2250000000 0.0000000000
12.2325000000 0.0000000000
12.2400000000 0.0000000000
12.2475000000 0.0000000000
12.2550000000 0.0000000000
12.2625000000 0.0000000000
12.2700000000 0.0000000000
12.2775000000 0.0000000000
12.2850000000 0.0000000000
12.2925000000 0.0000000000
12.3000000000 0.0000000000
12.3075000000 0.0000000000
12.3150000000 0.0000000000
12.3225000000 0.0000000000
12.3300000000 0.0000000000
12.3375000000 0.0000000000
12.3450000000 0.0000000000
12.3525000000 0.0000000000
12.3600000000 0.0000000000
12.3675000000 0.0000000000
12.3750000000 0.0000000000
12.3825000000 0.0000000000
12.3900000000 0.0000000000
12.3975000000 0.0000000000
12.4050000000 0.0000000000
12.4125000000 0.0000000000
12.4200000000 0.0000000000
12.4275000000 0.0000000000
12.4350000000 0.0000000000
12.4425000000 0.0000000000
12.4500000000 0.0000000000
12.4575000000 0.0000000000
12.4650000000 0.0000000000
12.4725000000 0.0000000000
12.4800000000 0.0000000000
12.4875000000 0.0000000000
12.4950000000 0.0000000000
12.5025000000 0.0000000000
12.5100000000 0.0000000000
12.5175000000 0.0000000000
12.5250000000 0.0000000000
12.5325000000 0.0000000000
12.5400000000 0.0000000000
12.5475000000 0.0000000000
12.5550000000 0.0000000000
12.5625000000 0.0000000000
12.5700000000 0.0000000000
12.5775000000 0.0000000000
12.5850000000 0.0000000000
12.5925000000 0.0000000000
12.6000000000 0.0000000000
12.6075000000 0.0000000000
12.6150000000 0.0000000000
12.6225000000 0.0000000000
12.6300000000 0.0000000000
12.6375000000 0.0000000000
12.6450000000 0.0000000000
12.6525000000 0.0000000000
12.6600000000 0.0000000000
12.6675000000 0.0000000000
12.6750000000 0.0000000000
12.6825000000 0.0000000000
12.6900000000 0.0000000000
12.6975000000 0.0000000000
12.7050000000 0.0000000000
12.7125000000 0.0000000000
12.7200000000 0.0000000000
12.7275000000 0.0000000000
12.7350000000 0.0000000000
12.7425000000 0.0000000000
12.7500000000 0.0000000000
12.7575000000 0.0000000000
12.7650000000 0.0000000000
12.7725000000 0.0000000000
12.7800000000 0.0000000000
12.7875000000 0.0000000000
12.7950000000 0.0000000000
12.8025000000 0.0000000000
12.8100000000 0.0000000000
12.8175000000 0.0000000000
12.8250000000 0.0000000000
12.8325000000 0.0000000000
12.8400000000 0.0000000000
12.8475000000 0.0000000000
12.8550000000 0.0000000000
12.8625000000 0.0000000000
12.8700000000 0.0000000000
12.8775000000 0.0000000000
12.8850000000 0.0000000000
12.8925000000 0.0000000000
12.9000000000 0.0000000000
12.9075000000 0.0000000000
12.9150000000 0.0000000000
12.9225000000 0.0000000000
12.9300000000 0.0000000000
12.9375000000 0.0000000000
12.9450000000 0.0000000000
12.9525000000 0.0000000000
12.9600000000 0.0000000000
12.9675000000 0.0000000000
12.9750000000 0.0000000000
12.9825000000 0.0000000000
12.9900000000 0.0000000000
12.9975000000 0.0000000000
13.0050000000 0.0000000000
13.0125000000 0.0000000000
13.0200000000 0.0000000000
13.0275000000 0.0000000000
13.0350000000 0.0000000000
13.0425000000 0.0000000000
13.0500000000 0.0000000000
13.0575000000 0.0000000000
13.0650000000 0.0000000000
13.0725000000 0.0000000000
13.0800000000 0.0000000000
13.0875000000 0.0000000000
13.0950000000 0.0000000000
13.1025000000 0.0000000000
13.1100000000 0.0000000000
13.1175000000 0.0000000000
13.1250000000 0.0000000000
13.1325000000 0.0000000000
13.1400000000 0.0000000000
13.1475000000 0.0000000000
13.1550000000 0.0000000000
13.1625000000 0.0000000000
13.1700000000 0.0000000000
13.1775000000 0.0000000000
13.1850000000 0.0000000000
13.1925000000 0.0000000000
13.2000000000 0.0000000000
13.2075000000 0.0000000000
13.2150000000 0.0000000000
13.2225000000 0.0000000000
13.2300000000 0.0000000000
13.2375000000 0.0000000000
13.2450000000 0.0000000000
13.2525000000 0.0000000000
13.2600000000 0.0000000000
13.2675000000 0.0000000000
13.2750000000 0.0000000000
13.2825000000 0.0000000000
13.2900000000 0.0000000000
13.2975000000 0.0000000000
13.3050000000 0.0000000000
13.3125000000 0.0000000000
13.3200000000 0.0000000000
13.3275000000 0.0000000000
13.3350000000 0.0000000000
13.3425000000 0.0000000000
13.3500000000 0.0000000000
13.3575000000 0.0000000000
13.3650000000 0.0000000000
13.3725000000 0.0000000000
13.3800000000 0.0000000000
13.3875000000 0.0000000000
13.3950000000 0.0000000000
13.4025000000 0.0000000000
13.4100000000 0.0000000000
13.4175000000 0.0000000000
13.4250000000 0.0000000000
13.4325000000 0.0000000000
13.4400000000 0.0000000000
13.4475000000 0.0000000000
13.4550000000 0.0000000000
13.4625000000 0.0000000000
13.4700000000 0.0000000000
13.4775000000 0.0000000000
13.4850000000 0.0000000000
13.4925000000 0.0000000000
13.5000000000 0.0000000000
13.5075000000 0.0000000000
13.5150000000 0.0000000000
13.5225000000 0.0000000000
13.5300000000 0.0000000000
13.5375000000 0.0000000000
13.5450000000 0.0000000000
13.5525000000 0.0000000000
13.5600000000 0.0000000000
13.5675000000 0.0000000000
13.5750000000 0.0000000000
13.5825000000 0.0000000000
13.5900000000 0.0000000000
13.5975000000 0.0000000000
13.6050000000 0.0000000000
13.6125000000 0.0000000000
13.6200000000 0.0000000000
13.6275000000 0.0000000000
13.6350000000 0.0000000000
13.6425000000 0.0000000000
13.6500000000 0.0000000000
13.6575000000 0.0000000000
13.6650000000 0.0000000000
13.6725000000 0.0000000000
13.6800000000 0.0000000000
13.6875000000 0.0000000000
13.6950000000 0.0000000000
13.7025000000 0.0000000000
13.7100000000 0.0000000000
13.7175000000 0.0000000000
13.7250000000 0.0000000000
13.7325000000 0.0000000000
13.7400000000 0.0000000000
13.7475000000 0.0000000000
13.7550000000 0.0000000000
13.7625000000 0.0000000000
13.7700000000 0.0000000000
13.7775000000 0.0000000000
13.7850000000 0.0000000000
13.7925000000 0.0000000000
13.8000000000 0.0000000000
13.8075000000 0.0000000000
13.8150000000 0.0000000000
13.8225000000 0.0000000000
13.8300000000 0.0000000000
13.8375000000 0.0000000000
13.8450000000 0.0000000000
13.8525000000 0.0000000000
13.8600000000 0.0000000000
13.8675000000 0.0000000000
13.8750000000 0.0000000000
13.8825000000 0.0000000000
13.8900000000 0.0000000000
13.8975000000 0.0000000000
13.9050000000 0.0000000000
13.9125000000 0.0000000000
13.9200000000 0.0000000000
13.9275000000 0.0000000000
13.9350000000 0.0000000000
13.9425000000 0.0000000000
13.9500000000 0.0000000000
13.9575000000 0.0000000000
13.9650000000 0.0000000000
13.9725000000 0.0000000000
13.9800000000 0.0000000000
13.9875000000 0.0000000000
13.9950000000 0.0000000000
14.0025000000 0.0000000000
14.0100000000 0.0000000000
14.0175000000 0.0000000000
14.0250000000 0.0000000000
14.0325000000 0.0000000000
14.0400000000 0.0000000000
14.0475000000 0.0000000000
14.0550000000 0.0000000000
14.0625000000 0.0000000000
14.0700000000 0.0000000000
14.0775000000 0.0000000000
14.0850000000 0.0000000000
14.0925000000 0.0000000000
14.1000000000 0.0000000000
14.1075000000 0.0000000000
14.1150000000 0.0000000000
14.1225000000 0.0000000000
14.1300000000 0.0000000000
14.1375000000 0.0000000000
14.1450000000 0.0000000000
14.1525000000 0.0000000000
14.1600000000 0.0000000000
14.1675000000 0.0000000000
14.1750000000 0.0000000000
14.1825000000 0.0000000000
14.1900000000 0.0000000000
14.1975000000 0.0000000000
14.2050000000 0.0000000000
14.2125000000 0.0000000000
14.2200000000 0.0000000000
14.2275000000 0.0000000000
14.2350000000 0.0000000000
14.2425000000 0.0000000000
14.2500000000 0.0000000000
14.2575000000 0.0000000000
14.2650000000 0.0000000000
14.2725000000 0.0000000000
14.2800000000 0.0000000000
14.2875000000 0.0000000000
14.2950000000 0.0000000000
14.3025000000 0.0000000000
14.3100000000 0.0000000000
14.3175000000 0.0000000000
14.3250000000 0.0000000000
14.3325000000 0.0000000000
14.3400000000 0.0000000000
14.3475000000 0.0000000000
14.3550000000 0.0000000000
14.3625000000 0.0000000000
14.3700000000 0.0000000000
14.3775000000 0.0000000000
14.3850000000 0.0000000000
14.3925000000 0.0000000000
14.4000000000 0.0000000000
14.4075000000 0.0000000000
14.4150000000 0.0000000000
14.4225000000 0.0000000000
14.4300000000 0.0000000000
14.4375000000 0.0000000000
14.4450000000 0.0000000000
14.4525000000 0.0000000000
14.4600000000 0.0000000000
14.4675000000 0.0000000000
14.4750000000 0.0000000000
14.4825000000 0.0000000000
14.4900000000 0.0000000000
14.4975000000 0.0000000000
14.5050000000 0.0000000000
14.5125000000 0.0000000000
14.5200000000 0.0000000000
14.5275000000 0.0000000000
14.5350000000 0.0000000000
14.5425000000 0.0000000000
14.5500000000 0.0000000000
14.5575000000 0.0000000000
14.5650000000 0.0000000000
14.5725000000 0.0000000000
14.5800000000 0.0000000000
14.5875000000 0.0000000000
14.5950000000 0.0000000000
14.6025000000 0.0000000000
14.6100000000 0.0000000000
14.6175000000 0.0000000000
14.6250000000 0.0000000000
14.6325000000 0.0000000000
14.6400000000 0.0000000000
14.6475000000 0.0000000000
14.6550000000 0.0000000000
14.6625000000 0.0000000000
14.6700000000 0.0000000000
14.6775000000 0.0000000000
14.6850000000 0.0000000000
14.6925000000 0.0000000000
14.7000000000 0.0000000000
14.7075000000 0.0000000000
14.7150000000 0.0000000000
14.7225000000 0.0000000000
14.7300000000 0.0000000000
14.7375000000 0.0000000000
14.7450000000 0.0000000000
14.7525000000 0.0000000000
14.7600000000 0.0000000000
14.7675000000 0.0000000000
14.7750000000 0.0000000000
14.7825000000 0.0000000000
14.7900000000 0.0000000000
14.7975000000 0.0000000000
14.8050000000 0.0000000000
14.8125000000 0.0000000000
14.8200000000 0.0000000000
14.8275000000 0.0000000000
14.8350000000 0.0000000000
14.8425000000 0.0000000000
14.8500000000 0.0000000000
14.8575000000 0.0000000000
14.8650000000 0.0000000000
14.8725000000 0.0000000000
14.8800000000 0.0000000000
14.8875000000 0.0000000000
14.8950000000 0.0000000000
14.9025000000 0.0000000000
14.9100000000 0.0000000000
14.9175000000 0.0000000000
14.9250000000 0.0000000000
14.9325000000 0.0000000000
14.9400000000 0.0000000000
14.9475000000 0.0000000000
14.9550000000 0.0000000000
14.9625000000 0.0000000000
14.9700000000 0.0000000000
14.9775000000 0.0000000000
14.9850000000 0.0000000000
14.9925000000 0.0000000000
